Cyp_A	Root	Wood	48,36,28	0.000 1.200 0.000 0.707 0.000 0.707 0.000 1.000 0.000 -0.707 0.000 0.707	9.66 2.40 9.66
Cyp_A	Buttress0	Wood	62,46,34	3.890 3.780 -1.416 -0.342 0.767 0.542 0.000 0.577 -0.817 -0.940 -0.279 -0.197	2.53 3.68 8.77
Cyp_A	Buttress1	Wood	62,46,34	-1.416 3.780 -3.890 -0.940 -0.279 -0.197 0.000 0.577 -0.817 0.342 -0.767 -0.542	2.53 3.68 8.77
Cyp_A	Buttress2	Wood	62,46,34	-3.890 3.780 1.416 0.342 -0.767 -0.542 -0.000 0.577 -0.817 0.940 0.279 0.197	2.53 3.68 8.77
Cyp_A	Buttress3	Wood	62,46,34	1.416 3.780 3.890 0.940 0.279 0.197 0.000 0.577 -0.817 -0.342 0.767 0.542	2.53 3.68 8.77
Cyp_A	Knee0	Wood	62,46,34	5.390 0.900 -9.336 0.500 0.000 0.866 0.000 1.000 0.000 -0.866 0.000 0.500	1.10 1.80 1.10
Cyp_A	Knee1	Wood	62,46,34	-11.601 0.900 -2.046 -0.985 0.000 0.174 0.000 1.000 0.000 -0.174 0.000 -0.985	1.10 2.20 1.10
Cyp_A	Knee2	Wood	62,46,34	4.371 0.900 12.009 0.342 0.000 -0.940 0.000 1.000 0.000 0.940 0.000 0.342	1.10 2.60 1.10
Cyp_A	T1	Wood	62,46,34	0.041 5.500 -0.023 0.000 1.000 -0.009 -0.005 -0.009 -1.000 -1.000 0.000 0.005	4.60 4.60 9.00
Cyp_A	T2	Wood	62,46,34	0.203 15.000 -0.117 0.000 1.000 -0.024 -0.014 -0.024 -1.000 -1.000 0.000 0.014	3.96 3.96 10.00
Cyp_A	T3	Wood	62,46,34	0.528 25.000 -0.305 0.000 0.999 -0.041 -0.023 -0.041 -0.999 -1.000 0.001 0.023	3.31 3.31 10.01
Cyp_A	T4	Wood	62,46,34	1.015 35.000 -0.586 0.000 0.998 -0.057 -0.033 -0.057 -0.998 -0.999 0.002 0.033	2.67 2.67 10.02
Cyp_A	B0a	Wood	62,46,34	3.280 24.960 -1.287 0.342 -0.473 -0.812 -0.000 0.864 -0.503 0.940 0.172 0.296	1.56 1.56 7.00
Cyp_A	B0b	Wood	62,46,34	8.307 27.050 -3.483 0.469 -0.117 -0.875 -0.000 0.991 -0.132 0.883 0.062 0.465	1.10 1.10 4.99
Cyp_A	B0t1	Grass	44,62,38	10.493 28.780 -4.645 0.848 0.018 0.530 0.000 0.999 -0.035 -0.530 0.030 0.848	16.00 3.40 13.12
Cyp_A	B0t2	Grass	64,86,50	7.599 29.320 -2.061 0.938 0.049 -0.342 -0.052 0.999 0.000 0.342 0.018 0.940	11.52 3.00 10.24
Cyp_A	B0t3	Grass	54,74,44	10.493 30.980 -9.765 -0.087 -0.052 0.995 0.000 0.999 0.052 -0.996 0.005 -0.087	8.80 2.60 8.00
Cyp_A	Moss0_0	Grass	128,136,104	9.836 23.580 -6.450 -0.342 0.000 0.940 0.000 1.000 0.000 -0.940 0.000 -0.342	0.30 7.00 1.60
Cyp_A	Moss0_1	Grass	112,122,92	10.493 22.380 0.475 -0.342 0.000 0.940 0.000 1.000 0.000 -0.940 0.000 -0.342	0.30 8.60 1.30
Cyp_A	B1a	Wood	62,46,34	-1.541 28.000 -2.094 0.643 0.385 0.662 0.000 0.864 -0.503 -0.766 0.323 0.556	1.56 1.56 6.36
Cyp_A	B1b	Wood	62,46,34	-5.555 29.900 -5.054 0.530 0.112 0.841 0.000 0.991 -0.132 -0.848 0.070 0.525	1.10 1.10 4.54
Cyp_A	B1t1	Grass	54,74,44	-7.464 31.600 -6.247 -0.883 0.016 0.469 0.000 0.999 -0.035 -0.469 -0.031 -0.882	15.00 3.40 12.30
Cyp_A	B1t2	Grass	38,56,36	-4.160 32.200 -5.272 -0.173 -0.009 0.985 -0.052 0.999 0.000 -0.983 -0.052 -0.174	10.80 3.00 9.60
Cyp_A	B1t3	Grass	64,86,50	-11.621 33.800 -3.847 -0.819 0.030 -0.573 0.000 0.999 0.052 0.574 0.043 -0.818	8.25 2.60 7.50
Cyp_A	Moss1_0	Grass	112,122,92	-8.621 26.400 -4.868 -0.643 0.000 -0.766 0.000 1.000 0.000 0.766 0.000 -0.643	0.30 7.00 1.60
Cyp_A	Moss1_1	Grass	140,146,112	-3.307 25.200 -8.647 -0.643 0.000 -0.766 0.000 1.000 0.000 0.766 0.000 -0.643	0.30 8.60 1.30
Cyp_A	B2a	Wood	62,46,34	-0.143 31.520 2.777 -0.966 0.130 0.224 0.000 0.864 -0.503 -0.259 -0.486 -0.835	1.56 1.56 7.64
Cyp_A	B2b	Wood	62,46,34	-1.326 33.800 8.644 -0.993 0.016 0.121 0.000 0.991 -0.132 -0.122 -0.131 -0.984	1.10 1.10 5.45
Cyp_A	B2t1	Grass	64,86,50	-1.655 35.560 11.324 -0.052 -0.035 -0.998 0.000 0.999 -0.035 0.999 -0.002 -0.052	17.00 3.40 13.94
Cyp_A	B2t2	Grass	72,92,54	-2.058 36.040 7.025 -0.818 -0.043 -0.574 -0.052 0.999 0.000 0.573 0.030 -0.819	12.24 3.00 10.88
Cyp_A	B2t3	Grass	38,56,36	2.801 37.760 14.444 0.866 0.026 -0.499 0.000 0.999 0.052 0.500 -0.045 0.865	9.35 2.60 8.50
Cyp_A	Moss2_0	Grass	140,146,112	0.316 30.360 11.852 0.966 0.000 -0.259 0.000 1.000 0.000 0.259 0.000 0.966	0.30 7.00 1.60
Cyp_A	Moss2_1	Grass	128,136,104	-6.111 29.160 8.204 0.966 0.000 -0.259 0.000 1.000 0.000 0.259 0.000 0.966	0.30 8.60 1.30
Cyp_A	B3a	Wood	62,46,34	1.557 35.040 -2.920 0.966 -0.130 -0.224 -0.000 0.864 -0.503 0.259 0.486 0.835	1.56 1.56 5.73
Cyp_A	B3b	Wood	62,46,34	2.445 36.750 -7.320 0.993 -0.016 -0.121 -0.000 0.991 -0.132 0.122 0.131 0.984	1.10 1.10 4.09
Cyp_A	B3t1	Grass	38,56,36	2.691 38.420 -9.330 0.052 0.035 0.998 0.000 0.999 -0.035 -0.999 0.002 0.052	14.00 3.40 11.48
Cyp_A	B3t2	Grass	44,62,38	3.258 39.080 -6.371 0.818 0.043 0.574 -0.052 0.999 0.000 -0.573 -0.030 0.819	10.08 3.00 8.96
Cyp_A	B3t3	Grass	72,92,54	-0.978 40.620 -11.900 -0.866 -0.026 0.499 0.000 0.999 0.052 -0.500 0.045 -0.865	7.70 2.60 7.00
Cyp_A	Moss3_0	Grass	128,136,104	1.069 33.220 -9.765 -0.966 0.000 0.259 0.000 1.000 0.000 -0.259 0.000 -0.966	0.30 7.00 1.60
Cyp_A	Moss3_1	Grass	112,122,92	6.361 32.020 -6.761 -0.966 0.000 0.259 0.000 1.000 0.000 -0.259 0.000 -0.966	0.30 8.60 1.30
Cyp_A	B4a	Wood	62,46,34	-0.685 38.320 0.010 -0.342 0.473 0.812 0.000 0.864 -0.503 -0.940 -0.172 -0.296	1.56 1.56 4.45
Cyp_A	B4b	Wood	62,46,34	-3.885 39.650 1.408 -0.469 0.117 0.875 0.000 0.991 -0.132 -0.883 -0.062 -0.465	1.10 1.10 3.18
Cyp_A	B4t1	Grass	72,92,54	-5.276 41.260 2.147 -0.848 -0.018 -0.530 0.000 0.999 -0.035 0.530 -0.030 -0.848	12.00 3.40 9.84
Cyp_A	B4t2	Grass	54,74,44	-3.971 42.040 0.408 -0.938 -0.049 0.342 -0.052 0.999 0.000 -0.342 -0.018 -0.940	8.64 3.00 7.68
Cyp_A	B4t3	Grass	44,62,38	-5.276 43.460 5.987 0.087 0.052 -0.995 0.000 0.999 0.052 0.996 -0.005 0.087	6.60 2.60 6.00
Cyp_A	Moss4_0	Grass	112,122,92	-4.783 36.060 3.500 0.342 0.000 -0.940 0.000 1.000 0.000 0.940 0.000 0.342	0.30 7.00 1.60
Cyp_A	Moss4_1	Grass	140,146,112	-5.276 34.860 -1.693 0.342 0.000 -0.940 0.000 1.000 0.000 0.940 0.000 0.342	0.30 8.60 1.30
Cyp_A	C1	Grass	54,74,44	1.299 41.200 -0.750 0.574 0.000 0.819 0.000 1.000 0.000 -0.819 0.000 0.574	13.00 3.20 11.00
Cyp_A	C2	Grass	38,56,36	2.799 43.600 -1.750 -0.173 0.009 0.985 0.052 0.999 0.000 -0.983 0.052 -0.174	8.00 2.60 7.50
Cyp_B	Root	Wood	48,36,28	0.000 1.200 0.000 0.707 0.000 0.707 0.000 1.000 0.000 -0.707 0.000 0.707	8.82 2.40 8.82
Cyp_B	Buttress0	Wood	62,46,34	3.552 3.460 -1.293 -0.342 0.767 0.543 0.000 0.578 -0.816 -0.940 -0.279 -0.198	2.31 3.36 7.99
Cyp_B	Buttress1	Wood	62,46,34	-1.293 3.460 -3.552 -0.940 -0.279 -0.198 0.000 0.578 -0.816 0.342 -0.767 -0.543	2.31 3.36 7.99
Cyp_B	Buttress2	Wood	62,46,34	-3.552 3.460 1.293 0.342 -0.767 -0.543 -0.000 0.578 -0.816 0.940 0.279 0.198	2.31 3.36 7.99
Cyp_B	Buttress3	Wood	62,46,34	1.293 3.460 3.552 0.940 0.279 0.198 0.000 0.578 -0.816 -0.342 0.767 0.543	2.31 3.36 7.99
Cyp_B	Knee0	Wood	62,46,34	9.453 0.900 -3.441 0.940 0.000 0.342 0.000 1.000 0.000 -0.342 0.000 0.940	1.10 1.80 1.10
Cyp_B	Knee1	Wood	62,46,34	-3.783 0.900 10.393 -0.342 0.000 -0.940 0.000 1.000 0.000 0.940 0.000 -0.342	1.10 2.20 1.10
Cyp_B	T1	Wood	62,46,34	-0.059 4.750 0.021 0.000 1.000 0.016 0.006 0.016 -1.000 -1.000 0.000 -0.006	4.20 4.20 7.50
Cyp_B	T2	Wood	62,46,34	-0.294 12.750 0.107 0.000 0.999 0.041 0.015 0.041 -0.999 -1.000 0.001 -0.015	3.61 3.61 8.51
Cyp_B	T3	Wood	62,46,34	-0.764 21.250 0.278 0.000 0.998 0.069 0.025 0.069 -0.997 -1.000 0.002 -0.025	3.02 3.02 8.52
Cyp_B	T4	Wood	62,46,34	-1.468 29.750 0.534 0.000 0.995 0.096 0.035 0.096 -0.995 -0.999 0.003 -0.035	2.44 2.44 8.54
Cyp_B	B0a	Wood	62,46,34	-0.808 20.300 -2.533 0.996 0.044 0.075 0.000 0.864 -0.503 -0.087 0.501 0.861	1.43 1.43 6.36
Cyp_B	B0b	Wood	62,46,34	-1.554 22.200 -7.464 0.974 0.030 0.223 0.000 0.991 -0.132 -0.225 0.129 0.966	1.01 1.01 4.54
Cyp_B	B0t1	Grass	44,62,38	-2.060 23.900 -9.657 -0.292 0.033 0.956 0.000 0.999 -0.035 -0.956 -0.010 -0.292	15.00 3.40 12.30
Cyp_B	B0t2	Grass	64,86,50	-0.414 24.500 -6.632 0.573 0.030 0.819 -0.052 0.999 0.000 -0.818 -0.043 0.574	10.80 3.00 9.60
Cyp_B	B0t3	Grass	54,74,44	-6.697 26.100 -10.899 -0.985 -0.009 0.173 0.000 0.999 0.052 -0.174 0.052 -0.983	8.25 2.60 7.50
Cyp_B	Moss0_0	Grass	128,136,104	-3.853 18.700 -9.500 -0.996 0.000 -0.087 0.000 1.000 0.000 0.087 0.000 -0.996	0.30 7.00 1.60
Cyp_B	Moss0_1	Grass	112,122,92	2.576 17.500 -8.414 -0.996 0.000 -0.087 0.000 1.000 0.000 0.087 0.000 -0.996	0.30 8.60 1.30
Cyp_B	B1a	Wood	62,46,34	-3.297 24.200 2.033 -0.574 0.412 0.708 0.000 0.864 -0.503 -0.819 -0.288 -0.496	1.43 1.43 7.00
Cyp_B	B1b	Wood	62,46,34	-7.585 26.290 5.456 -0.682 0.097 0.725 0.000 0.991 -0.132 -0.731 -0.090 -0.676	1.01 1.01 4.99
Cyp_B	B1t1	Grass	54,74,44	-9.395 28.020 7.144 -0.682 -0.026 -0.731 0.000 0.999 -0.035 0.731 -0.024 -0.682	16.00 3.40 13.12
Cyp_B	B1t2	Grass	38,56,36	-7.269 28.560 3.899 -0.995 -0.052 0.087 -0.052 0.999 0.000 -0.087 -0.005 -0.996	11.52 3.00 10.24
Cyp_B	B1t3	Grass	64,86,50	-8.070 30.220 12.090 0.342 0.049 -0.938 0.000 0.999 0.052 0.940 -0.018 0.342	8.80 2.60 8.00
Cyp_B	Moss1_0	Grass	112,122,92	-8.293 22.820 8.717 0.574 0.000 -0.819 0.000 1.000 0.000 0.819 0.000 0.574	0.30 7.00 1.60
Cyp_B	Moss1_1	Grass	140,146,112	-10.720 21.620 2.198 0.574 0.000 -0.819 0.000 1.000 0.000 0.819 0.000 0.574	0.30 8.60 1.30
Cyp_B	B2a	Wood	62,46,34	1.029 27.620 1.643 -0.500 -0.436 -0.749 0.000 0.864 -0.503 0.866 -0.251 -0.432	1.43 1.43 5.73
Cyp_B	B2b	Wood	62,46,34	5.050 29.330 3.639 -0.375 -0.123 -0.919 0.000 0.991 -0.132 0.927 -0.050 -0.371	1.01 1.01 4.09
Cyp_B	B2t1	Grass	64,86,50	6.928 31.000 4.398 0.951 -0.011 -0.309 0.000 0.999 -0.035 0.309 0.033 0.950	14.00 3.40 11.48
Cyp_B	B2t2	Grass	72,92,54	3.923 31.660 4.180 0.342 0.018 -0.940 -0.052 0.999 0.000 0.938 0.049 0.342	10.08 3.00 8.96
Cyp_B	B2t3	Grass	38,56,36	10.360 33.200 1.518 0.707 -0.037 0.706 0.000 0.999 0.052 -0.707 -0.037 0.706	7.70 2.60 7.00
Cyp_B	Moss2_0	Grass	140,146,112	7.768 25.800 2.943 0.500 0.000 0.866 0.000 1.000 0.000 -0.866 0.000 0.500	0.30 7.00 1.60
Cyp_B	Moss2_1	Grass	128,136,104	3.496 24.600 7.277 0.500 0.000 0.866 0.000 1.000 0.000 -0.866 0.000 0.500	0.30 8.60 1.30
Cyp_B	B3a	Wood	62,46,34	-3.189 31.720 -0.408 0.500 0.436 0.749 0.000 0.864 -0.503 -0.866 0.251 0.432	1.43 1.43 4.45
Cyp_B	B3b	Wood	62,46,34	-6.317 33.050 -1.961 0.375 0.123 0.919 0.000 0.991 -0.132 -0.927 0.050 0.371	1.01 1.01 3.18
Cyp_B	B3t1	Grass	38,56,36	-7.777 34.660 -2.551 -0.951 0.011 0.309 0.000 0.999 -0.035 -0.309 -0.033 -0.950	12.00 3.40 9.84
Cyp_B	B3t2	Grass	44,62,38	-5.606 35.440 -2.670 -0.342 -0.018 0.940 -0.052 0.999 0.000 -0.938 -0.049 -0.342	8.64 3.00 7.68
Cyp_B	B3t3	Grass	72,92,54	-10.719 36.860 -0.083 -0.707 0.037 -0.706 0.000 0.999 0.052 0.707 0.037 -0.706	6.60 2.60 6.00
Cyp_B	Moss3_0	Grass	128,136,104	-8.497 29.460 -1.304 -0.500 0.000 -0.866 0.000 1.000 0.000 0.866 0.000 -0.500	0.30 7.00 1.60
Cyp_B	Moss3_1	Grass	112,122,92	-4.836 28.260 -5.019 -0.500 0.000 -0.866 0.000 1.000 0.000 0.866 0.000 -0.500	0.30 8.60 1.30
Cyp_B	C1	Grass	54,74,44	-1.879 35.200 0.684 -0.707 0.000 -0.707 0.000 1.000 0.000 0.707 0.000 -0.707	13.00 3.20 11.00
Cyp_B	C2	Grass	38,56,36	-0.379 37.600 -0.316 -0.000 0.000 -1.000 0.052 0.999 0.000 0.999 -0.052 -0.000	8.00 2.60 7.50
Cyp_C	Root	Wood	48,36,28	0.000 1.200 0.000 0.707 0.000 0.707 0.000 1.000 0.000 -0.707 0.000 0.707	10.50 2.40 10.50
Cyp_C	Buttress0	Wood	62,46,34	4.229 4.100 -1.539 -0.342 0.768 0.542 0.000 0.576 -0.817 -0.940 -0.280 -0.197	2.75 4.00 9.54
Cyp_C	Buttress1	Wood	62,46,34	-1.539 4.100 -4.229 -0.940 -0.280 -0.197 0.000 0.576 -0.817 0.342 -0.768 -0.542	2.75 4.00 9.54
Cyp_C	Buttress2	Wood	62,46,34	-4.229 4.100 1.539 0.342 -0.768 -0.542 -0.000 0.576 -0.817 0.940 0.280 0.197	2.75 4.00 9.54
Cyp_C	Buttress3	Wood	62,46,34	1.539 4.100 4.229 0.940 0.280 0.197 0.000 0.576 -0.817 -0.342 0.768 0.542	2.75 4.00 9.54
Cyp_C	Knee0	Wood	62,46,34	-1.997 0.900 -11.325 -0.174 0.000 0.985 0.000 1.000 0.000 -0.985 0.000 -0.174	1.10 1.80 1.10
Cyp_C	Knee1	Wood	62,46,34	-9.576 0.900 8.035 -0.766 0.000 -0.643 0.000 1.000 0.000 0.643 0.000 -0.766	1.10 2.20 1.10
Cyp_C	Knee2	Wood	62,46,34	12.686 0.900 4.617 0.940 0.000 -0.342 0.000 1.000 0.000 0.342 0.000 0.940	1.10 2.60 1.10
Cyp_C	T1	Wood	62,46,34	-0.013 6.250 -0.035 0.000 1.000 0.002 -0.007 0.002 -1.000 -1.000 -0.000 0.007	5.00 5.00 10.50
Cyp_C	T2	Wood	62,46,34	-0.064 17.250 -0.176 0.000 1.000 0.007 -0.018 0.007 -1.000 -1.000 -0.000 0.018	4.30 4.30 11.50
Cyp_C	T3	Wood	62,46,34	-0.167 28.750 -0.458 0.000 1.000 0.011 -0.031 0.011 -0.999 -1.000 -0.000 0.031	3.60 3.60 11.51
Cyp_C	T4	Wood	62,46,34	-0.321 40.250 -0.881 0.000 1.000 0.016 -0.043 0.016 -0.999 -0.999 -0.001 0.043	2.90 2.90 11.51
Cyp_C	B0a	Wood	62,46,34	1.539 25.840 2.553 -0.866 -0.251 -0.432 0.000 0.864 -0.503 0.500 -0.436 -0.749	1.70 1.70 7.64
Cyp_C	B0b	Wood	62,46,34	4.851 28.120 7.538 -0.788 -0.081 -0.610 0.000 0.991 -0.132 0.616 -0.104 -0.781	1.20 1.20 5.45
Cyp_C	B0t1	Grass	44,62,38	6.514 29.880 9.666 0.669 -0.026 -0.743 0.000 0.999 -0.035 0.743 0.023 0.669	17.00 3.40 13.94
Cyp_C	B0t2	Grass	64,86,50	3.189 30.360 6.911 -0.173 -0.009 -0.985 -0.052 0.999 0.000 0.983 0.052 -0.174	12.24 3.00 10.88
Cyp_C	B0t3	Grass	54,74,44	11.871 32.080 8.721 0.966 -0.014 0.258 0.000 0.999 0.052 -0.259 -0.051 0.965	9.35 2.60 8.50
Cyp_C	Moss0_0	Grass	128,136,104	8.280 24.680 8.646 0.866 0.000 0.500 0.000 1.000 0.000 -0.500 0.000 0.866	0.30 7.00 1.60
Cyp_C	Moss0_1	Grass	112,122,92	1.156 23.480 10.611 0.866 0.000 0.500 0.000 1.000 0.000 -0.500 0.000 0.866	0.30 8.60 1.30
Cyp_C	B1a	Wood	62,46,34	1.365 29.360 -3.026 0.866 -0.251 -0.432 -0.000 0.864 -0.503 0.500 0.436 0.749	1.70 1.70 7.00
Cyp_C	B1b	Wood	62,46,34	3.804 31.450 -7.940 0.927 -0.050 -0.371 -0.000 0.991 -0.132 0.375 0.123 0.919	1.20 1.20 4.99
Cyp_C	B1t1	Grass	54,74,44	4.732 33.180 -10.235 0.309 0.033 0.950 0.000 0.999 -0.035 -0.951 0.011 0.309	16.00 3.40 13.12
Cyp_C	B1t2	Grass	38,56,36	4.176 33.720 -6.395 0.938 0.049 0.342 -0.052 0.999 0.000 -0.342 -0.018 0.940	11.52 3.00 10.24
Cyp_C	B1t3	Grass	64,86,50	1.440 35.380 -14.157 -0.707 -0.037 0.706 0.000 0.999 0.052 -0.707 0.037 -0.706	8.80 2.60 8.00
Cyp_C	Moss1_0	Grass	112,122,92	3.069 27.980 -11.195 -0.866 0.000 0.500 0.000 1.000 0.000 -0.500 0.000 -0.866	0.30 7.00 1.60
Cyp_C	Moss1_1	Grass	140,146,112	8.023 26.780 -6.313 -0.866 0.000 0.500 0.000 1.000 0.000 -0.500 0.000 -0.866	0.30 8.60 1.30
Cyp_C	B2a	Wood	62,46,34	-3.763 34.280 -0.864 0.087 0.501 0.861 0.000 0.864 -0.503 -0.996 0.044 0.075	1.70 1.70 8.27
Cyp_C	B2b	Wood	62,46,34	-10.245 36.750 -1.023 -0.052 0.132 0.990 0.000 0.991 -0.132 -0.999 -0.007 -0.052	1.20 1.20 5.90
Cyp_C	B2t1	Grass	64,86,50	-13.166 38.540 -0.870 -0.993 -0.004 -0.122 0.000 0.999 -0.035 0.122 -0.035 -0.992	18.00 3.40 14.76
Cyp_C	B2t2	Grass	72,92,54	-8.553 38.960 -2.036 -0.706 -0.037 0.707 -0.052 0.999 0.000 -0.706 -0.037 -0.707	12.96 3.00 11.52
Cyp_C	B2t3	Grass	38,56,36	-15.600 40.740 4.351 -0.342 0.049 -0.938 0.000 0.999 0.052 0.940 0.018 -0.342	9.90 2.60 9.00
Cyp_C	Moss2_0	Grass	140,146,112	-13.354 33.340 1.282 -0.087 0.000 -0.996 0.000 1.000 0.000 0.996 0.000 -0.087	0.30 7.00 1.60
Cyp_C	Moss2_1	Grass	128,136,104	-10.732 32.140 -6.090 -0.087 0.000 -0.996 0.000 1.000 0.000 0.996 0.000 -0.087	0.30 8.60 1.30
Cyp_C	B3a	Wood	62,46,34	-1.203 38.400 1.862 -0.940 0.172 0.296 0.000 0.864 -0.503 -0.342 -0.473 -0.812	1.70 1.70 6.36
Cyp_C	B3b	Wood	62,46,34	-2.612 40.300 6.647 -0.978 0.027 0.206 0.000 0.991 -0.132 -0.208 -0.129 -0.970	1.20 1.20 4.54
Cyp_C	B3t1	Grass	38,56,36	-3.079 42.000 8.848 -0.139 -0.035 -0.990 0.000 0.999 -0.035 0.990 -0.005 -0.139	15.00 3.40 12.30
Cyp_C	B3t2	Grass	44,62,38	-3.293 42.600 5.411 -0.865 -0.045 -0.500 -0.052 0.999 0.000 0.499 0.026 -0.866	10.80 3.00 9.60
Cyp_C	B3t3	Grass	72,92,54	0.598 44.200 11.934 0.819 0.030 -0.573 0.000 0.999 0.052 0.574 -0.043 0.818	8.25 2.60 7.50
Cyp_C	Moss3_0	Grass	128,136,104	-1.388 36.800 9.464 0.940 0.000 -0.342 0.000 1.000 0.000 0.342 0.000 0.940	0.30 7.00 1.60
Cyp_C	Moss3_1	Grass	112,122,92	-6.756 35.600 5.763 0.940 0.000 -0.342 0.000 1.000 0.000 0.342 0.000 0.940	0.30 8.60 1.30
Cyp_C	B4a	Wood	62,46,34	2.008 41.920 -1.720 0.342 -0.473 -0.812 -0.000 0.864 -0.503 0.940 0.172 0.296	1.70 1.70 5.73
Cyp_C	B4b	Wood	62,46,34	6.122 43.630 -3.517 0.469 -0.117 -0.875 -0.000 0.991 -0.132 0.883 0.062 0.465	1.20 1.20 4.09
Cyp_C	B4t1	Grass	72,92,54	7.910 45.300 -4.468 0.848 0.018 0.530 0.000 0.999 -0.035 -0.530 0.030 0.848	14.00 3.40 11.48
Cyp_C	B4t2	Grass	54,74,44	5.811 45.960 -2.306 0.938 0.049 -0.342 -0.052 0.999 0.000 0.342 0.018 0.940	10.08 3.00 8.96
Cyp_C	B4t3	Grass	44,62,38	7.910 47.500 -8.948 -0.087 -0.052 0.995 0.000 0.999 0.052 -0.996 0.005 -0.087	7.70 2.60 7.00
Cyp_C	Moss4_0	Grass	112,122,92	7.335 40.100 -6.046 -0.342 0.000 0.940 0.000 1.000 0.000 -0.940 0.000 -0.342	0.30 7.00 1.60
Cyp_C	Moss4_1	Grass	140,146,112	7.910 38.900 0.012 -0.342 0.000 0.940 0.000 1.000 0.000 -0.940 0.000 -0.342	0.30 8.60 1.30
Cyp_C	B5a	Wood	62,46,34	-1.439 45.120 -2.303 0.766 0.323 0.556 0.000 0.864 -0.503 -0.643 0.385 0.662	1.70 1.70 3.82
Cyp_C	B5b	Wood	62,46,34	-3.503 46.260 -4.470 0.669 0.098 0.737 0.000 0.991 -0.132 -0.743 0.088 0.663	1.20 1.20 2.72
Cyp_C	B5t1	Grass	44,62,38	-4.506 47.840 -5.374 -0.788 0.021 0.615 0.000 0.999 -0.035 -0.616 -0.028 -0.788	11.00 3.40 9.02
Cyp_C	B5t2	Grass	64,86,50	-2.760 48.680 -5.044 0.000 0.000 1.000 -0.052 0.999 0.000 -0.999 -0.052 0.000	7.92 3.00 7.04
Cyp_C	B5t3	Grass	54,74,44	-7.814 50.040 -4.170 -0.906 0.022 -0.422 0.000 0.999 0.052 0.423 0.047 -0.905	6.05 2.60 5.50
Cyp_C	Moss5_0	Grass	140,146,112	-5.517 42.640 -4.525 -0.766 0.000 -0.643 0.000 1.000 0.000 0.643 0.000 -0.766	0.30 7.00 1.60
Cyp_C	Moss5_1	Grass	128,136,104	-1.198 41.440 -6.578 -0.766 0.000 -0.643 0.000 1.000 0.000 0.643 0.000 -0.766	0.30 8.60 1.30
Cyp_C	C1	Grass	54,74,44	-0.410 47.200 -1.128 -0.707 0.000 0.707 0.000 1.000 0.000 -0.707 0.000 -0.707	13.00 3.20 11.00
Cyp_C	C2	Grass	38,56,36	1.090 49.600 -2.128 -0.999 0.052 0.000 0.052 0.999 0.000 -0.000 0.000 -1.000	8.00 2.60 7.50
Cyp_D	Root	Wood	48,36,28	0.000 1.200 0.000 0.707 0.000 0.707 0.000 1.000 0.000 -0.707 0.000 0.707	7.98 2.40 7.98
Cyp_D	Buttress0	Wood	62,46,34	3.214 3.140 -1.170 -0.342 0.766 0.544 0.000 0.579 -0.815 -0.940 -0.279 -0.198	2.09 3.04 7.21
Cyp_D	Buttress1	Wood	62,46,34	-1.170 3.140 -3.214 -0.940 -0.279 -0.198 0.000 0.579 -0.815 0.342 -0.766 -0.544	2.09 3.04 7.21
Cyp_D	Buttress2	Wood	62,46,34	-3.214 3.140 1.170 0.342 -0.766 -0.544 -0.000 0.579 -0.815 0.940 0.279 0.198	2.09 3.04 7.21
Cyp_D	Buttress3	Wood	62,46,34	1.170 3.140 3.214 0.940 0.279 0.198 0.000 0.579 -0.815 -0.342 0.766 0.544	2.09 3.04 7.21
Cyp_D	Knee0	Wood	62,46,34	-6.604 0.900 -6.604 -0.707 0.000 0.707 0.000 1.000 0.000 -0.707 0.000 -0.707	1.10 1.80 1.10
Cyp_D	Knee1	Wood	62,46,34	5.170 0.900 8.955 0.500 0.000 -0.866 0.000 1.000 0.000 0.866 0.000 0.500	1.10 2.20 1.10
Cyp_D	T1	Wood	62,46,34	0.060 4.250 0.050 0.000 1.000 -0.018 0.015 -0.018 -1.000 -1.000 -0.000 -0.015	3.80 3.80 6.50
Cyp_D	T2	Wood	62,46,34	0.299 11.250 0.251 0.000 0.999 -0.048 0.040 -0.048 -0.998 -0.999 -0.002 -0.040	3.27 3.27 7.51
Cyp_D	T3	Wood	62,46,34	0.778 18.750 0.653 0.000 0.997 -0.079 0.067 -0.079 -0.995 -0.998 -0.005 -0.067	2.74 2.74 7.54
Cyp_D	T4	Wood	62,46,34	1.496 26.250 1.255 0.000 0.994 -0.111 0.093 -0.110 -0.990 -0.996 -0.010 -0.093	2.20 2.20 7.58
Cyp_D	B0a	Wood	62,46,34	-1.748 19.440 0.149 0.174 0.495 0.851 0.000 0.864 -0.503 -0.985 0.087 0.150	1.29 1.29 5.73
Cyp_D	B0b	Wood	62,46,34	-6.209 21.150 -0.352 0.035 0.132 0.991 0.000 0.991 -0.132 -0.999 0.005 0.035	0.91 0.91 4.09
Cyp_D	B0t1	Grass	44,62,38	-8.233 22.820 -0.422 -0.999 -0.001 -0.035 0.000 0.999 -0.035 0.035 -0.035 -0.999	14.00 3.40 11.48
Cyp_D	B0t2	Grass	64,86,50	-5.334 23.480 -1.245 -0.642 -0.034 0.766 -0.052 0.999 0.000 -0.765 -0.040 -0.643	10.08 3.00 8.96
Cyp_D	B0t3	Grass	54,74,44	-10.473 25.020 3.457 -0.423 0.047 -0.905 0.000 0.999 0.052 0.906 0.022 -0.422	7.70 2.60 7.00
Cyp_D	Moss0_0	Grass	128,136,104	-8.525 17.620 1.232 -0.174 0.000 -0.985 0.000 1.000 0.000 0.985 0.000 -0.174	0.30 7.00 1.60
Cyp_D	Moss0_1	Grass	112,122,92	-5.993 16.420 -4.302 -0.174 0.000 -0.985 0.000 1.000 0.000 0.985 0.000 -0.174	0.30 8.60 1.30
Cyp_D	B1a	Wood	62,46,34	1.933 23.200 3.417 -0.940 -0.172 -0.296 0.000 0.864 -0.503 0.342 -0.473 -0.812	1.29 1.29 6.36
Cyp_D	B1b	Wood	62,46,34	3.930 25.100 7.988 -0.883 -0.062 -0.465 0.000 0.991 -0.132 0.469 -0.117 -0.875	0.91 0.91 4.54
Cyp_D	B1t1	Grass	54,74,44	4.987 26.800 9.975 0.530 -0.030 -0.848 0.000 0.999 -0.035 0.848 0.018 0.530	15.00 3.40 12.30
Cyp_D	B1t2	Grass	38,56,36	2.613 27.400 7.479 -0.342 -0.018 -0.940 -0.052 0.999 0.000 0.938 0.049 -0.342	10.80 3.00 9.60
Cyp_D	B1t3	Grass	64,86,50	9.787 29.000 9.975 0.996 -0.005 0.087 0.000 0.999 0.052 -0.087 -0.052 0.995	8.25 2.60 7.50
Cyp_D	Moss1_0	Grass	112,122,92	6.678 21.600 9.359 0.940 0.000 0.342 0.000 1.000 0.000 -0.342 0.000 0.940	0.30 7.00 1.60
Cyp_D	Moss1_1	Grass	140,146,112	0.187 20.400 9.975 0.940 0.000 0.342 0.000 1.000 0.000 -0.342 0.000 0.940	0.30 8.60 1.30
Cyp_D	B2a	Wood	62,46,34	2.939 26.780 -0.395 0.707 -0.356 -0.611 -0.000 0.864 -0.503 0.707 0.356 0.611	1.29 1.29 5.09
Cyp_D	B2b	Wood	62,46,34	5.578 28.300 -3.388 0.799 -0.080 -0.597 -0.000 0.991 -0.132 0.602 0.106 0.792	0.91 0.91 3.63
Cyp_D	B2t1	Grass	64,86,50	6.661 29.940 -4.825 0.545 0.029 0.838 0.000 0.999 -0.035 -0.839 0.019 0.544	13.00 3.40 10.66
Cyp_D	B2t2	Grass	72,92,54	5.944 30.660 -2.338 0.995 0.052 0.087 -0.052 0.999 0.000 -0.087 -0.005 0.996	9.36 3.00 8.32
Cyp_D	B2t3	Grass	38,56,36	4.903 32.140 -8.596 -0.500 -0.045 0.865 0.000 0.999 0.052 -0.866 0.026 -0.499	7.15 2.60 6.50
Cyp_D	Moss2_0	Grass	140,146,112	5.558 24.740 -5.928 -0.707 0.000 0.707 0.000 1.000 0.000 -0.707 0.000 -0.707	0.30 7.00 1.60
Cyp_D	Moss2_1	Grass	128,136,104	8.420 23.540 -1.055 -0.707 0.000 0.707 0.000 1.000 0.000 -0.707 0.000 -0.707	0.30 8.60 1.30
Cyp_D	C1	Grass	54,74,44	1.915 31.200 1.607 0.966 0.000 -0.259 0.000 1.000 0.000 0.259 0.000 0.966	13.00 3.20 11.00
Cyp_D	C2	Grass	38,56,36	3.415 33.600 0.607 0.865 -0.045 0.500 0.052 0.999 0.000 -0.499 0.026 0.866	8.00 2.60 7.50
Man_A	Rt0a	Wood	62,46,34	1.946 5.200 -0.105 0.100 -0.186 -0.978 -0.000 0.982 -0.187 0.995 0.019 0.098	0.80 0.80 2.14
Man_A	Rt0b	Wood	62,46,34	4.071 4.300 -0.466 0.232 0.685 -0.690 -0.000 0.710 0.704 0.973 -0.163 0.165	0.75 0.75 3.12
Man_A	Rt0c	Wood	48,36,28	5.825 0.900 -0.935 0.000 0.960 -0.281 -0.091 0.279 0.956 0.996 0.026 0.088	0.70 0.70 4.81
Man_A	Rt1a	Wood	62,46,34	1.640 6.600 -1.540 0.711 -0.103 -0.695 -0.000 0.989 -0.146 0.703 0.104 0.704	0.80 0.80 2.73
Man_A	Rt1b	Wood	62,46,34	3.302 5.700 -3.480 0.809 0.396 -0.436 -0.000 0.740 0.672 0.588 -0.544 0.598	0.75 0.75 3.27
Man_A	Rt1c	Wood	48,36,28	4.450 1.600 -5.140 0.000 0.990 -0.140 -0.222 0.137 0.966 0.975 0.031 0.219	0.70 0.70 6.21
Man_A	Rt2a	Wood	62,46,34	0.235 8.000 -1.935 0.997 -0.014 -0.073 -0.000 0.982 -0.187 0.075 0.186 0.980	0.80 0.80 2.14
Man_A	Rt2b	Wood	62,46,34	0.275 7.100 -4.890 1.000 -0.010 0.017 0.000 0.866 0.500 -0.020 -0.500 0.866	0.75 0.75 4.40
Man_A	Rt2c	Wood	48,36,28	0.119 2.300 -7.698 0.000 1.000 0.031 -0.237 -0.030 0.971 0.972 -0.007 0.237	0.70 0.70 7.62
Man_A	Rt3a	Wood	62,46,34	-1.232 5.200 -1.882 0.816 0.085 0.572 0.000 0.989 -0.146 -0.578 0.119 0.807	0.80 0.80 2.73
Man_A	Rt3b	Wood	62,46,34	-2.607 4.300 -3.541 0.684 -0.587 0.434 0.000 0.595 0.804 -0.730 -0.550 0.407	0.75 0.75 2.74
Man_A	Rt3c	Wood	48,36,28	-3.722 0.900 -4.577 0.000 0.976 0.216 -0.204 -0.212 0.956 0.979 -0.044 0.199	0.70 0.70 4.81
Man_A	Rt4a	Wood	62,46,34	-1.865 6.600 -0.567 0.247 0.181 0.952 0.000 0.982 -0.187 -0.969 0.046 0.242	0.80 0.80 2.14
Man_A	Rt4b	Wood	62,46,34	-4.376 5.700 -1.037 0.140 -0.584 0.800 0.000 0.808 0.589 -0.990 -0.082 0.113	0.75 0.75 3.73
Man_A	Rt4c	Wood	48,36,28	-6.677 1.600 -1.284 0.000 0.966 0.260 -0.012 -0.260 0.966 1.000 -0.003 0.012	0.70 0.70 6.21
Man_A	Rt5a	Wood	62,46,34	-2.067 8.000 0.886 -0.428 0.132 0.894 0.000 0.989 -0.146 -0.904 -0.063 -0.423	0.80 0.80 2.73
Man_A	Rt5b	Wood	62,46,34	-4.646 7.100 2.328 -0.537 -0.476 0.696 0.000 0.826 0.564 -0.844 0.303 -0.443	0.75 0.75 3.90
Man_A	Rt5c	Wood	48,36,28	-6.726 2.300 3.746 -0.000 0.982 0.189 0.148 -0.187 0.971 0.989 0.028 -0.145	0.70 0.70 7.62
Man_A	Rt6a	Wood	62,46,34	-0.883 5.200 1.738 -0.911 0.077 0.404 0.000 0.982 -0.187 -0.411 -0.170 -0.895	0.80 0.80 2.14
Man_A	Rt6b	Wood	62,46,34	-1.632 4.300 3.759 -0.958 -0.201 0.203 0.000 0.710 0.704 -0.285 0.675 -0.680	0.75 0.75 3.12
Man_A	Rt6c	Wood	48,36,28	-2.103 0.900 5.512 -0.000 0.998 0.064 0.287 -0.062 0.956 0.958 0.018 -0.287	0.70 0.70 4.81
Man_A	Rt7a	Wood	62,46,34	0.514 6.600 2.190 -0.964 -0.039 -0.262 0.000 0.989 -0.146 0.264 -0.141 -0.954	0.80 0.80 2.73
Man_A	Rt7b	Wood	62,46,34	1.363 5.700 4.600 -0.914 0.273 -0.300 0.000 0.740 0.672 0.406 0.614 -0.676	0.75 0.75 3.27
Man_A	Rt7c	Wood	48,36,28	2.227 1.600 6.424 -0.000 0.993 -0.120 0.233 0.117 0.966 0.973 -0.028 -0.231	0.70 0.70 6.21
Man_A	Rt8a	Wood	62,46,34	1.558 8.000 1.171 -0.563 -0.154 -0.812 0.000 0.982 -0.187 0.826 -0.105 -0.553	0.80 0.80 2.14
Man_A	Rt8b	Wood	62,46,34	4.097 7.100 2.683 -0.483 0.438 -0.759 0.000 0.866 0.500 0.876 0.241 -0.418	0.75 0.75 4.40
Man_A	Rt8c	Wood	48,36,28	6.607 2.300 3.952 -0.000 0.975 -0.221 0.094 0.220 0.971 0.996 -0.021 -0.091	0.70 0.70 7.62
Man_A	Hub	Wood	48,36,28	0.000 5.400 0.000 0.940 0.000 0.342 0.000 1.000 0.000 -0.342 0.000 0.940	2.80 3.00 2.80
Man_A	T1	Wood	62,46,34	0.250 8.750 -0.150 0.000 0.996 -0.090 -0.054 -0.090 -0.994 -0.999 0.005 0.054	2.60 2.60 5.53
Man_A	T2	Wood	62,46,34	0.750 14.250 -0.450 0.000 0.996 -0.090 -0.054 -0.090 -0.994 -0.999 0.005 0.054	2.10 2.10 5.53
Man_A	B0	Wood	62,46,34	4.464 15.600 -2.600 0.500 -0.322 -0.804 -0.000 0.928 -0.371 0.866 0.186 0.464	1.10 1.10 8.62
Man_A	L0a	Grass	40,70,42	7.928 18.600 -4.600 0.643 0.040 0.765 0.000 0.999 -0.052 -0.766 0.034 0.642	10.00 6.00 9.00
Man_A	L0b	Grass	50,84,48	6.629 20.200 -8.171 0.994 0.069 0.087 -0.070 0.998 0.000 -0.087 -0.006 0.996	7.50 5.00 8.00
Man_A	L0c	Grass	60,96,54	4.939 15.200 0.095 0.000 0.000 1.000 0.000 1.000 0.000 -1.000 0.000 0.000	6.50 4.20 6.00
Man_A	B1	Wood	62,46,34	-2.031 16.100 -2.350 0.500 0.322 0.804 0.000 0.928 -0.371 -0.866 0.186 0.464	1.10 1.10 7.54
Man_A	L1a	Grass	50,84,48	-5.062 18.900 -4.100 -0.985 0.009 0.173 0.000 0.999 -0.052 -0.174 -0.052 -0.983	10.00 6.00 9.00
Man_A	L1b	Grass	60,96,54	-7.505 20.500 -1.189 -0.572 -0.040 0.819 -0.070 0.998 0.000 -0.817 -0.057 -0.574	7.50 5.00 8.00
Man_A	L1c	Grass	34,60,38	-0.197 15.900 -3.889 -0.866 0.000 -0.500 0.000 1.000 0.000 0.500 0.000 -0.866	6.50 4.20 6.00
Man_A	B2	Wood	62,46,34	1.000 17.200 3.900 -1.000 0.000 0.000 0.000 0.928 -0.371 -0.000 -0.371 -0.928	1.10 1.10 9.69
Man_A	L2a	Grass	60,96,54	1.000 20.400 8.400 0.342 -0.049 -0.938 0.000 0.999 -0.052 0.940 0.018 0.342	10.00 6.00 9.00
Man_A	L2b	Grass	34,60,38	4.742 22.000 9.060 -0.422 -0.029 -0.906 -0.070 0.998 0.000 0.904 0.063 -0.423	7.50 5.00 8.00
Man_A	L2c	Grass	40,70,42	-1.893 16.600 2.847 0.866 0.000 -0.500 0.000 1.000 0.000 0.500 0.000 0.866	6.50 4.20 6.00
Man_A	B3	Wood	62,46,34	1.000 17.300 -3.600 1.000 -0.000 -0.000 -0.000 0.928 -0.371 0.000 0.371 0.928	1.10 1.10 6.46
Man_A	L3a	Grass	34,60,38	1.000 19.900 -6.600 -0.342 0.049 0.938 0.000 0.999 -0.052 -0.940 -0.018 -0.342	10.00 6.00 9.00
Man_A	L3b	Grass	40,70,42	-2.742 21.500 -7.260 0.422 0.029 0.906 -0.070 0.998 0.000 -0.904 -0.063 0.423	7.50 5.00 8.00
Man_A	L3c	Grass	50,84,48	2.928 17.300 -2.898 -0.866 0.000 0.500 0.000 1.000 0.000 -0.500 0.000 -0.866	6.50 4.20 6.00
Man_A	L_top1	Grass	60,96,54	1.000 20.800 -0.600 0.819 0.000 0.574 0.000 1.000 0.000 -0.574 0.000 0.819	12.00 6.50 11.00
Man_A	L_top2	Grass	40,70,42	-1.000 24.000 0.400 0.174 -0.069 0.982 0.000 0.998 0.070 -0.985 -0.012 0.173	8.00 5.00 7.50
Man_B	Rt0a	Wood	62,46,34	1.853 5.200 -0.605 0.354 -0.175 -0.919 -0.000 0.982 -0.187 0.935 0.066 0.347	0.80 0.80 2.14
Man_B	Rt0b	Wood	62,46,34	3.812 4.300 -1.504 0.476 0.619 -0.624 -0.000 0.710 0.704 0.880 -0.335 0.338	0.75 0.75 3.12
Man_B	Rt0c	Wood	48,36,28	5.384 0.900 -2.411 0.000 0.969 -0.248 -0.162 0.245 0.956 0.987 0.040 0.157	0.70 0.70 4.81
Man_B	Rt1a	Wood	62,46,34	1.014 6.600 -2.008 0.909 -0.061 -0.413 -0.000 0.989 -0.146 0.417 0.133 0.899	0.80 0.80 2.73
Man_B	Rt1b	Wood	62,46,34	1.913 5.700 -4.399 0.961 0.186 -0.205 -0.000 0.740 0.672 0.276 -0.646 0.711	0.75 0.75 3.27
Man_B	Rt1c	Wood	48,36,28	2.423 1.600 -6.352 0.000 0.998 -0.057 -0.254 0.055 0.966 0.967 0.014 0.254	0.70 0.70 6.21
Man_B	Rt2a	Wood	62,46,34	-0.764 8.000 -1.793 0.901 0.081 0.426 0.000 0.982 -0.187 -0.434 0.168 0.885	0.80 0.80 2.14
Man_B	Rt2b	Wood	62,46,34	-2.206 7.100 -4.372 0.856 -0.258 0.448 0.000 0.866 0.500 -0.517 -0.428 0.741	0.75 0.75 4.40
Man_B	Rt2c	Wood	48,36,28	-3.746 2.300 -6.726 0.000 0.989 0.145 -0.191 -0.143 0.971 0.981 -0.028 0.189	0.70 0.70 7.62
Man_B	Rt3a	Wood	62,46,34	-2.202 5.200 -0.460 0.168 0.144 0.975 0.000 0.989 -0.146 -0.986 0.025 0.166	0.80 0.80 2.73
Man_B	Rt3b	Wood	62,46,34	-4.348 4.300 -0.660 -0.033 -0.803 0.595 0.000 0.595 0.804 -0.999 0.026 -0.019	0.75 0.75 2.74
Man_B	Rt3c	Wood	48,36,28	-5.868 0.900 -0.604 -0.000 0.956 0.294 0.013 -0.294 0.956 1.000 0.004 -0.012	0.70 0.70 4.81
Man_B	Rt4a	Wood	62,46,34	-1.534 6.600 1.202 -0.652 0.142 0.745 0.000 0.982 -0.187 -0.758 -0.122 -0.641	0.80 0.80 2.14
Man_B	Rt4b	Wood	62,46,34	-3.360 5.700 2.990 -0.731 -0.402 0.551 0.000 0.808 0.589 -0.682 0.431 -0.591	0.75 0.75 3.73
Man_B	Rt4c	Wood	48,36,28	-4.881 1.600 4.733 -0.000 0.987 0.159 0.209 -0.155 0.966 0.978 0.033 -0.206	0.70 0.70 6.21
Man_B	Rt5a	Wood	62,46,34	-0.071 8.000 2.248 -1.000 -0.001 -0.006 0.000 0.989 -0.146 0.006 -0.146 -0.989	0.80 0.80 2.73
Man_B	Rt5b	Wood	62,46,34	0.147 7.100 5.195 -0.992 0.073 -0.107 0.000 0.826 0.564 0.130 0.560 -0.819	0.75 0.75 3.90
Man_B	Rt5c	Wood	48,36,28	0.553 2.300 7.679 -0.000 0.999 -0.052 0.233 0.050 0.971 0.972 -0.012 -0.233	0.70 0.70 7.62
Man_B	Rt6a	Wood	62,46,34	1.450 5.200 1.302 -0.633 -0.145 -0.760 0.000 0.982 -0.187 0.774 -0.118 -0.622	0.80 0.80 2.14
Man_B	Rt6b	Wood	62,46,34	3.209 4.300 2.549 -0.524 0.600 -0.605 0.000 0.710 0.704 0.852 0.369 -0.372	0.75 0.75 3.12
Man_B	Rt6c	Wood	48,36,28	4.780 0.900 3.458 -0.000 0.965 -0.260 0.141 0.258 0.956 0.990 -0.037 -0.136	0.70 0.70 4.81
Man_B	Hub	Wood	48,36,28	0.000 5.400 0.000 0.940 0.000 0.342 0.000 1.000 0.000 -0.342 0.000 0.940	2.80 3.00 2.80
Man_B	T1	Wood	62,46,34	0.250 8.000 -0.150 0.000 0.992 -0.124 -0.075 -0.123 -0.990 -0.997 0.009 0.074	2.60 2.60 4.04
Man_B	T2	Wood	62,46,34	0.750 12.000 -0.450 0.000 0.992 -0.124 -0.075 -0.123 -0.990 -0.997 0.009 0.074	2.10 2.10 4.04
Man_B	B0	Wood	62,46,34	2.750 12.400 -3.631 0.866 -0.186 -0.464 -0.000 0.928 -0.371 0.500 0.322 0.804	1.10 1.10 7.54
Man_B	L0a	Grass	40,70,42	4.500 15.200 -6.662 0.174 0.052 0.983 0.000 0.999 -0.052 -0.985 0.009 0.173	10.00 6.00 9.00
Man_B	L0b	Grass	50,84,48	1.589 16.800 -9.105 0.817 0.057 0.574 -0.070 0.998 0.000 -0.572 -0.040 0.819	7.50 5.00 8.00
Man_B	L0c	Grass	60,96,54	4.289 12.200 -1.797 -0.500 0.000 0.866 0.000 1.000 0.000 -0.866 0.000 -0.500	6.50 4.20 6.00
Man_B	B1	Wood	62,46,34	-2.939 13.300 0.095 -0.174 0.366 0.914 0.000 0.928 -0.371 -0.985 -0.064 -0.161	1.10 1.10 8.62
Man_B	L1a	Grass	50,84,48	-6.878 16.300 0.789 -0.866 -0.026 -0.499 0.000 0.999 -0.052 0.500 -0.045 -0.865	10.00 6.00 9.00
Man_B	L1b	Grass	60,96,54	-6.878 17.900 4.589 -0.964 -0.067 0.259 -0.070 0.998 0.000 -0.258 -0.018 -0.966	7.50 5.00 8.00
Man_B	L1c	Grass	34,60,38	-2.464 12.900 -2.600 -0.342 0.000 -0.940 0.000 1.000 0.000 0.940 0.000 -0.342	6.50 4.20 6.00
Man_B	B2	Wood	62,46,34	2.928 13.600 1.698 -0.766 -0.239 -0.597 0.000 0.928 -0.371 0.643 -0.285 -0.711	1.10 1.10 6.46
Man_B	L2a	Grass	60,96,54	4.857 16.200 3.996 0.866 -0.026 -0.499 0.000 0.999 -0.052 0.500 0.045 0.865	10.00 6.00 9.00
Man_B	L2b	Grass	34,60,38	8.148 17.800 2.096 0.258 0.018 -0.966 -0.070 0.998 0.000 0.964 0.067 0.259	7.50 5.00 8.00
Man_B	L2c	Grass	40,70,42	1.000 13.600 2.400 0.985 0.000 0.174 0.000 1.000 0.000 -0.174 0.000 0.985	6.50 4.20 6.00
Man_B	L_top1	Grass	60,96,54	1.000 17.800 -0.600 0.819 0.000 0.574 0.000 1.000 0.000 -0.574 0.000 0.819	12.00 6.50 11.00
Man_B	L_top2	Grass	40,70,42	-1.000 21.000 0.400 0.174 -0.069 0.982 0.000 0.998 0.070 -0.985 -0.012 0.173	8.00 5.00 7.50
Dead_A	Root	Wood	104,96,88	0.000 1.000 0.000 0.866 0.000 0.500 0.000 1.000 0.000 -0.500 0.000 0.866	6.50 2.00 6.50
Dead_A	T1	Wood	104,96,88	0.050 5.250 -0.100 0.000 1.000 -0.011 -0.021 -0.011 -1.000 -1.000 0.000 0.021	3.20 3.20 9.50
Dead_A	T2	Wood	104,96,88	0.250 15.000 -0.300 0.000 1.000 -0.030 -0.020 -0.030 -0.999 -1.000 0.001 0.020	2.50 2.50 10.01
Dead_A	T3	Wood	104,96,88	0.650 25.000 -0.500 0.000 0.999 -0.050 -0.020 -0.050 -0.999 -1.000 0.001 0.020	1.80 1.80 10.01
Dead_A	Snag	Wood	126,116,104	1.200 32.000 -0.400 0.000 0.989 -0.148 0.100 -0.147 -0.984 -0.995 -0.015 -0.098	1.00 1.00 4.06
Dead_A	B0a	Wood	104,96,88	2.078 14.760 -1.861 0.643 -0.348 -0.683 -0.000 0.891 -0.454 0.766 0.292 0.573	1.20 1.20 5.55
Dead_A	B0b	Wood	126,116,104	5.809 17.820 -4.308 0.423 -0.602 -0.677 -0.000 0.747 -0.664 0.906 0.281 0.316	0.80 0.80 5.42
Dead_A	Moss0	Grass	128,136,104	3.974 12.820 -3.452 -0.643 0.000 0.766 0.000 1.000 0.000 -0.766 0.000 -0.643	0.30 5.50 1.40
Dead_A	B1a	Wood	104,96,88	-2.655 18.962 -0.885 0.174 0.299 0.938 0.000 0.953 -0.303 -0.985 0.053 0.165	1.20 1.20 6.35
Dead_A	B1b	Wood	126,116,104	-7.877 21.300 -2.457 0.423 0.440 0.792 0.000 0.874 -0.486 -0.906 0.205 0.369	0.80 0.80 5.66
Dead_A	B2a	Wood	104,96,88	1.219 23.000 1.635 -0.940 -0.184 -0.289 0.000 0.844 -0.537 0.342 -0.504 -0.793	1.20 1.20 5.22
Dead_A	B2b	Wood	126,116,104	2.128 26.400 5.496 -0.996 -0.065 -0.058 0.000 0.669 -0.743 0.087 -0.740 -0.666	0.80 0.80 5.38
Dead_A	Moss2	Grass	140,146,112	1.971 21.200 3.703 0.940 0.000 0.342 0.000 1.000 0.000 -0.342 0.000 0.940	0.30 5.50 1.40
Dead_A	B3a	Wood	104,96,88	0.506 26.760 -2.154 0.996 0.053 0.069 0.000 0.795 -0.607 -0.087 0.605 0.792	1.20 1.20 4.15
Dead_A	B3b	Wood	126,116,104	0.597 29.820 -5.127 0.985 -0.139 -0.104 -0.000 0.600 -0.800 0.174 0.788 0.591	0.80 0.80 4.50
Dead_B	Root	Wood	104,96,88	0.000 1.000 0.000 0.866 0.000 0.500 0.000 1.000 0.000 -0.500 0.000 0.866	6.50 2.00 6.50
Dead_B	T1	Wood	104,96,88	0.050 4.250 -0.100 0.000 1.000 -0.013 -0.027 -0.013 -1.000 -1.000 0.000 0.027	3.20 3.20 7.50
Dead_B	T2	Wood	104,96,88	0.250 12.000 -0.300 0.000 0.999 -0.037 -0.025 -0.037 -0.999 -1.000 0.001 0.025	2.50 2.50 8.01
Dead_B	T3	Wood	104,96,88	0.650 20.000 -0.500 0.000 0.998 -0.062 -0.025 -0.062 -0.998 -1.000 0.002 0.025	1.80 1.80 8.02
Dead_B	Snag	Wood	126,116,104	1.200 26.000 -0.400 0.000 0.989 -0.148 0.100 -0.147 -0.984 -0.995 -0.015 -0.098	1.00 1.00 4.06
Dead_B	B0a	Wood	104,96,88	-0.527 12.560 1.767 -0.940 0.084 0.331 0.000 0.969 -0.247 -0.342 -0.232 -0.911	1.20 1.20 4.54
Dead_B	B0b	Wood	126,116,104	-2.312 13.920 5.309 -0.819 0.233 0.524 0.000 0.914 -0.406 -0.574 -0.333 -0.749	0.80 0.80 3.94
Dead_B	Moss0	Grass	128,136,104	-1.280 9.920 3.835 0.940 0.000 -0.342 0.000 1.000 0.000 0.342 0.000 0.940	0.30 5.50 1.40
Dead_B	B1a	Wood	104,96,88	2.976 17.415 -1.337 0.342 -0.467 -0.815 -0.000 0.868 -0.497 0.940 0.170 0.297	1.20 1.20 6.34
Dead_B	B1b	Wood	126,116,104	7.802 21.240 -2.473 0.087 -0.704 -0.704 -0.000 0.707 -0.707 0.996 0.062 0.062	0.80 0.80 6.36
Dead_B	B2a	Wood	104,96,88	-0.688 20.355 -1.541 0.643 0.439 0.628 0.000 0.819 -0.573 -0.766 0.369 0.527	1.20 1.20 4.03
Dead_B	B2b	Wood	126,116,104	-2.726 23.160 -3.707 0.819 0.444 0.363 0.000 0.633 -0.774 -0.574 0.634 0.519	0.80 0.80 4.26
Dead_B	Moss2	Grass	140,146,112	-1.952 18.310 -2.601 -0.643 0.000 -0.766 0.000 1.000 0.000 0.766 0.000 -0.643	0.30 5.50 1.40
Brd_A	Root	Wood	62,46,34	0.000 1.200 0.000 0.940 0.000 0.342 0.000 1.000 0.000 -0.342 0.000 0.940	6.50 2.40 6.50
Brd_A	T1	Wood	62,46,34	0.083 3.110 0.067 0.000 0.999 -0.032 0.026 -0.032 -0.999 -1.000 -0.001 -0.026	3.20 3.20 5.22
Brd_A	T2	Wood	62,46,34	0.250 8.580 0.200 0.000 1.000 -0.029 0.023 -0.029 -0.999 -1.000 -0.001 -0.023	2.70 2.70 5.72
Brd_A	T3	Wood	62,46,34	0.417 14.300 0.333 0.000 1.000 -0.029 0.023 -0.029 -0.999 -1.000 -0.001 -0.023	2.20 2.20 5.72
Brd_A	B0a	Wood	62,46,34	2.388 12.839 -0.952 0.500 -0.585 -0.638 -0.000 0.737 -0.676 0.866 0.338 0.369	1.40 1.40 6.51
Brd_A	B0b	Wood	62,46,34	5.853 15.639 -2.952 0.500 -0.304 -0.811 -0.000 0.936 -0.351 0.866 0.176 0.468	1.00 1.00 3.42
Brd_A	B0t1	Grass	52,84,46	7.238 17.839 -3.752 0.707 0.000 0.707 0.000 1.000 0.000 -0.707 0.000 0.707	9.50 5.80 8.80
Brd_A	B0t2	Grass	64,100,52	6.717 20.039 -6.706 1.000 0.000 0.000 0.000 0.999 -0.052 0.000 0.052 0.999	7.00 5.00 6.50
Brd_A	B0t3	Grass	46,78,44	4.467 17.539 -2.152 0.174 0.000 0.985 0.000 1.000 0.000 -0.985 0.000 0.174	6.50 4.50 6.00
Brd_A	B1a	Wood	62,46,34	-1.469 13.937 -0.770 0.500 0.585 0.638 0.000 0.737 -0.676 -0.866 0.338 0.369	1.40 1.40 5.70
Brd_A	B1b	Wood	62,46,34	-4.500 16.387 -2.520 0.500 0.304 0.811 0.000 0.936 -0.351 -0.866 0.176 0.468	1.00 1.00 2.99
Brd_A	B1t1	Grass	64,100,52	-5.712 18.512 -3.220 -0.966 0.000 0.259 0.000 1.000 0.000 -0.259 0.000 -0.966	9.50 5.80 8.80
Brd_A	B1t2	Grass	46,78,44	-8.010 20.712 -1.292 -0.500 0.045 0.865 0.000 0.999 -0.052 -0.866 -0.026 -0.499	7.00 5.00 6.50
Brd_A	B1t3	Grass	58,92,50	-3.287 18.362 -1.820 -0.940 0.000 -0.342 0.000 1.000 0.000 0.342 0.000 -0.940	6.50 4.50 6.00
Brd_A	B2a	Wood	62,46,34	-0.027 15.585 2.676 -0.985 0.117 0.128 0.000 0.737 -0.676 -0.174 -0.665 -0.726	1.40 1.40 6.51
Brd_A	B2b	Wood	62,46,34	-0.721 18.385 6.615 -0.985 0.061 0.163 0.000 0.936 -0.351 -0.174 -0.346 -0.922	1.00 1.00 3.42
Brd_A	B2t1	Grass	46,78,44	-0.999 20.585 8.190 0.087 0.000 -0.996 0.000 1.000 0.000 0.996 0.000 0.087	9.50 5.80 8.80
Brd_A	B2t2	Grass	58,92,50	1.599 22.785 9.690 -0.643 -0.040 -0.765 0.000 0.999 -0.052 0.766 -0.034 -0.642	7.00 5.00 6.50
Brd_A	B2t3	Grass	52,84,46	-0.444 20.285 5.039 0.643 0.000 -0.766 0.000 1.000 0.000 0.766 0.000 0.643	6.50 4.50 6.00
Brd_A	B3a	Wood	62,46,34	0.450 16.819 -1.140 1.000 -0.000 -0.000 -0.000 0.737 -0.676 0.000 0.676 0.737	1.40 1.40 4.07
Brd_A	B3b	Wood	62,46,34	0.450 18.569 -3.640 1.000 -0.000 -0.000 -0.000 0.936 -0.351 0.000 0.351 0.936	1.00 1.00 2.14
Brd_A	B3t1	Grass	58,92,50	0.450 20.544 -4.640 -0.259 0.000 0.966 0.000 1.000 0.000 -0.966 0.000 -0.259	9.50 5.80 8.80
Brd_A	B3t2	Grass	52,84,46	-2.369 22.744 -5.666 0.500 0.045 0.865 0.000 0.999 -0.052 -0.866 0.026 0.499	7.00 5.00 6.50
Brd_A	B3t3	Grass	64,100,52	0.450 20.694 -2.640 -0.766 0.000 0.643 0.000 1.000 0.000 -0.643 0.000 -0.766	6.50 4.50 6.00
Brd_A	F1	Grass	64,100,52	0.500 20.160 0.400 0.766 0.000 0.643 0.000 1.000 0.000 -0.643 0.000 0.766	9.00 6.40 8.50
Brd_A	F2	Grass	58,92,50	1.500 23.160 -0.100 0.259 0.000 0.966 0.000 1.000 0.000 -0.966 0.000 0.259	6.00 4.50 6.00
Brd_B	Root	Wood	62,46,34	0.000 1.200 0.000 0.940 0.000 0.342 0.000 1.000 0.000 -0.342 0.000 0.940	6.50 2.40 6.50
Brd_B	T1	Wood	62,46,34	0.083 2.720 0.067 0.000 0.999 -0.037 0.030 -0.037 -0.999 -1.000 -0.001 -0.030	3.20 3.20 4.45
Brd_B	T2	Wood	62,46,34	0.250 7.410 0.200 0.000 0.999 -0.034 0.027 -0.034 -0.999 -1.000 -0.001 -0.027	2.70 2.70 4.94
Brd_B	T3	Wood	62,46,34	0.417 12.350 0.333 0.000 0.999 -0.034 0.027 -0.034 -0.999 -1.000 -0.001 -0.027	2.20 2.20 4.94
Brd_B	B0a	Wood	62,46,34	-1.673 10.817 0.958 -0.342 0.635 0.693 0.000 0.737 -0.676 -0.940 -0.231 -0.252	1.40 1.40 5.70
Brd_B	B0b	Wood	62,46,34	-4.962 13.267 2.155 -0.342 0.330 0.880 0.000 0.936 -0.351 -0.940 -0.120 -0.320	1.00 1.00 2.99
Brd_B	B0t1	Grass	52,84,46	-6.278 15.392 2.634 -0.819 0.000 -0.574 0.000 1.000 0.000 0.574 0.000 -0.819	9.50 5.80 8.80
Brd_B	B0t2	Grass	64,100,52	-6.278 17.592 5.634 -0.985 0.009 0.173 0.000 0.999 -0.052 -0.174 -0.052 -0.983	7.00 5.00 6.50
Brd_B	B0t3	Grass	46,78,44	-3.647 15.242 1.676 -0.342 0.000 -0.940 0.000 1.000 0.000 0.940 0.000 -0.342	6.50 4.50 6.00
Brd_B	B1a	Wood	62,46,34	2.199 12.870 1.831 -0.643 -0.518 -0.565 0.000 0.737 -0.676 0.766 -0.434 -0.474	1.40 1.40 6.51
Brd_B	B1b	Wood	62,46,34	5.263 15.670 4.402 -0.643 -0.269 -0.717 0.000 0.936 -0.351 0.766 -0.226 -0.602	1.00 1.00 3.42
Brd_B	B1t1	Grass	64,100,52	6.488 17.870 5.430 0.906 0.000 -0.423 0.000 1.000 0.000 0.423 0.000 0.906	9.50 5.80 8.80
Brd_B	B1t2	Grass	46,78,44	9.086 20.070 3.930 0.342 -0.049 -0.938 0.000 0.999 -0.052 0.940 0.018 0.342	7.00 5.00 6.50
Brd_B	B1t3	Grass	58,92,50	4.037 17.570 3.373 0.985 0.000 0.174 0.000 1.000 0.000 -0.174 0.000 0.985	6.50 4.50 6.00
Brd_B	B2a	Wood	62,46,34	0.743 14.395 -1.429 0.985 -0.117 -0.128 -0.000 0.737 -0.676 0.174 0.665 0.726	1.40 1.40 4.88
Brd_B	B2b	Wood	62,46,34	1.264 16.495 -4.383 0.985 -0.061 -0.163 -0.000 0.936 -0.351 0.174 0.346 0.922	1.00 1.00 2.56
Brd_B	B2t1	Grass	46,78,44	1.472 18.545 -5.565 -0.087 0.000 0.996 0.000 1.000 0.000 -0.996 0.000 -0.087	9.50 5.80 8.80
Brd_B	B2t2	Grass	58,92,50	-1.126 20.745 -7.065 0.643 0.040 0.765 0.000 0.999 -0.052 -0.766 0.034 0.642	7.00 5.00 6.50
Brd_B	B2t3	Grass	52,84,46	1.055 18.545 -3.201 -0.643 0.000 0.766 0.000 1.000 0.000 -0.766 0.000 -0.643	6.50 4.50 6.00
Brd_B	F1	Grass	64,100,52	0.500 17.820 0.400 0.766 0.000 0.643 0.000 1.000 0.000 -0.643 0.000 0.766	9.00 6.40 8.50
Brd_B	F2	Grass	58,92,50	1.500 20.820 -0.100 0.259 0.000 0.966 0.000 1.000 0.000 -0.966 0.000 0.259	6.00 4.50 6.00
Bush_A	L0	Grass	54,74,44	0.000 1.600 0.000 0.985 0.000 0.174 0.000 1.000 0.000 -0.174 0.000 0.985	5.50 3.20 5.00
Bush_A	L1	Grass	44,62,38	2.600 1.200 1.400 0.766 0.034 0.642 0.000 0.999 -0.052 -0.643 0.040 0.765	3.80 2.40 3.60
Bush_A	L2	Grass	64,86,50	-2.200 1.100 1.800 0.342 0.000 0.940 0.000 1.000 0.000 -0.940 0.000 0.342	3.40 2.20 3.20
Bush_B	L0	Grass	38,56,36	0.000 1.900 0.000 0.906 0.000 0.423 0.000 1.000 0.000 -0.423 0.000 0.906	6.50 3.80 6.00
Bush_B	L1	Grass	54,74,44	-3.000 1.300 -1.000 0.500 0.045 0.865 0.000 0.999 -0.052 -0.866 0.026 0.499	4.00 2.60 3.80
Bush_B	L2	Grass	44,62,38	2.400 1.400 -2.200 0.996 0.000 0.087 0.000 1.000 0.000 -0.087 0.000 0.996	3.60 2.80 3.40
Bush_B	L3	Grass	72,92,54	0.600 3.600 0.400 0.707 0.037 0.706 0.000 0.999 -0.052 -0.707 0.037 0.706	3.20 2.00 3.00
Bush_C	L0	Grass	64,86,50	0.000 1.200 0.000 1.000 0.000 0.000 0.000 1.000 0.000 0.000 0.000 1.000	4.20 2.40 3.80
Bush_C	L1	Grass	72,92,54	1.800 1.000 -1.600 0.819 0.030 0.573 0.000 0.999 -0.052 -0.574 0.043 0.818	3.00 2.00 2.80
Reed_A	Stalk0	Grass	132,128,72	1.310 1.838 -0.000 0.000 0.987 -0.162 0.000 -0.162 -0.987 -1.000 0.000 -0.000	0.28 0.28 4.94
Reed_A	Head0	Fabric	86,58,38	1.710 3.175 -0.000 0.000 1.000 -0.000 0.000 -0.000 -1.000 -1.000 0.000 -0.000	0.62 0.62 1.60
Reed_A	Stalk1	Grass	104,120,62	-1.869 2.355 -1.713 0.000 0.991 0.135 -0.125 0.134 -0.983 -0.992 -0.017 0.124	0.28 0.28 6.01
Reed_A	Stalk2	Grass	118,126,68	0.180 2.872 2.063 0.000 1.000 -0.017 0.197 -0.017 -0.980 -0.980 -0.003 -0.197	0.28 0.28 7.08
Reed_A	Stalk3	Grass	132,128,72	1.733 2.251 -2.258 0.000 0.996 -0.085 -0.111 -0.084 -0.990 -0.994 0.009 0.110	0.28 0.28 5.76
Reed_A	Head3	Fabric	86,58,38	1.976 4.002 -2.576 0.000 1.000 -0.000 0.000 -0.000 -1.000 -1.000 0.000 -0.000	0.62 0.62 1.60
Reed_A	Stalk4	Grass	104,120,62	-2.346 2.768 0.414 0.000 0.987 0.159 0.028 0.159 -0.987 -1.000 0.004 -0.028	0.28 0.28 6.83
Reed_A	Stalk5	Grass	118,126,68	1.617 2.148 1.030 0.000 0.978 -0.208 0.136 -0.206 -0.969 -0.991 -0.028 -0.133	0.28 0.28 5.67
Reed_A	Stalk6	Grass	132,128,72	-0.697 2.665 -2.601 0.000 1.000 0.031 -0.118 0.031 -0.993 -0.993 -0.004 0.117	0.28 0.28 6.58
Reed_A	Head6	Fabric	86,58,38	-0.800 4.830 -2.987 0.000 1.000 -0.000 0.000 -0.000 -1.000 -1.000 0.000 -0.000	0.62 0.62 1.60
Reed_A	Stalk7	Grass	104,120,62	-1.029 2.044 1.976 0.000 0.996 0.094 0.181 0.092 -0.979 -0.983 0.017 -0.181	0.28 0.28 5.40
Reed_A	Stalk8	Grass	118,126,68	1.657 2.561 -0.603 0.000 0.979 -0.203 -0.076 -0.203 -0.976 -0.997 0.015 0.074	0.28 0.28 6.48
Reed_A	Stalk9	Grass	132,128,72	-2.346 1.941 -0.972 0.000 0.990 0.144 -0.060 0.143 -0.988 -0.998 -0.009 0.060	0.28 0.28 5.14
Reed_A	Head9	Fabric	86,58,38	-2.715 3.382 -1.125 0.000 1.000 -0.000 0.000 -0.000 -1.000 -1.000 0.000 -0.000	0.62 0.62 1.60
Reed_A	Stalk10	Grass	104,120,62	0.877 2.458 1.880 0.000 0.997 -0.075 0.161 -0.074 -0.984 -0.987 -0.012 -0.160	0.28 0.28 6.21
Reed_B	Stalk0	Grass	132,128,72	1.100 1.275 -0.000 0.000 0.978 -0.209 0.000 -0.209 -0.978 -1.000 0.000 -0.000	0.28 0.28 3.83
Reed_B	Head0	Fabric	86,58,38	1.500 2.050 -0.000 0.000 1.000 -0.000 0.000 -0.000 -1.000 -1.000 0.000 -0.000	0.62 0.62 1.60
Reed_B	Stalk1	Grass	104,120,62	-1.760 1.822 -1.613 0.000 0.987 0.163 -0.152 0.161 -0.975 -0.988 -0.025 0.150	0.28 0.28 4.97
Reed_B	Stalk2	Grass	118,126,68	0.207 1.494 2.366 -0.996 -0.083 -0.028 0.000 0.317 -0.948 0.087 -0.945 -0.316	0.28 0.28 4.42
Reed_B	Stalk3	Grass	132,128,72	1.164 2.041 -1.517 0.000 0.996 -0.091 -0.119 -0.091 -0.989 -0.993 0.011 0.119	0.28 0.28 5.34
Reed_B	Head3	Fabric	86,58,38	1.408 3.581 -1.835 0.000 1.000 -0.000 0.000 -0.000 -1.000 -1.000 0.000 -0.000	0.62 0.62 1.60
Reed_B	Stalk4	Grass	104,120,62	-1.871 1.713 0.330 0.000 0.974 0.228 0.041 0.228 -0.973 -0.999 0.009 -0.040	0.28 0.28 4.75
Reed_B	Stalk5	Grass	118,126,68	1.592 1.384 1.014 -0.537 -0.795 -0.281 0.000 0.333 -0.943 0.843 -0.507 -0.179	0.28 0.28 4.21
Reed_B	Stalk6	Grass	132,128,72	-0.369 1.931 -1.376 0.000 0.999 0.040 -0.151 0.040 -0.988 -0.989 -0.006 0.151	0.28 0.28 5.13
Reed_B	Head6	Fabric	86,58,38	-0.472 3.363 -1.763 0.000 1.000 -0.000 0.000 -0.000 -1.000 -1.000 0.000 -0.000	0.62 0.62 1.60
Reed_B	Stalk7	Grass	104,120,62	-0.652 1.603 1.253 0.000 0.994 0.112 0.216 0.109 -0.970 -0.976 0.024 -0.215	0.28 0.28 4.54
Lily_A	Pad0	Grass	70,108,58	0.000 0.000 0.000 0.985 0.000 0.174 0.000 1.000 0.000 -0.174 0.000 0.985	4.20 0.20 3.86
Lily_A	Pad1	Grass	82,118,64	4.400 0.000 2.000 0.574 0.000 0.819 0.000 1.000 0.000 -0.819 0.000 0.574	3.20 0.20 2.94
Lily_A	Pad2	Grass	70,108,58	-3.500 0.000 3.000 0.866 0.000 0.500 0.000 1.000 0.000 -0.500 0.000 0.866	2.80 0.20 2.58
Lily_A	Pad3	Grass	82,118,64	1.000 0.000 -4.200 0.259 0.000 0.966 0.000 1.000 0.000 -0.966 0.000 0.259	3.00 0.20 2.76
Lily_A	Flower0	SmoothPlastic	232,176,196	0.800 0.500 0.300 0.707 0.000 0.707 0.000 1.000 0.000 -0.707 0.000 0.707	0.90 0.70 0.90
Lily_A	FlowerC0	SmoothPlastic	246,220,120	0.800 0.950 0.300 1.000 0.000 0.000 0.000 1.000 0.000 0.000 0.000 1.000	0.40 0.30 0.40
Lily_B	Pad0	Grass	70,108,58	0.000 0.000 0.000 0.940 0.000 0.342 0.000 1.000 0.000 -0.342 0.000 0.940	3.60 0.20 3.31
Lily_B	Pad1	Grass	82,118,64	-3.800 0.000 -1.400 0.423 0.000 0.906 0.000 1.000 0.000 -0.906 0.000 0.423	2.80 0.20 2.58
Lily_B	Pad2	Grass	70,108,58	2.400 0.000 3.400 0.996 0.000 0.087 0.000 1.000 0.000 -0.087 0.000 0.996	2.40 0.20 2.21
Lily_B	Flower0	SmoothPlastic	232,176,196	-3.600 0.500 -1.200 0.707 0.000 0.707 0.000 1.000 0.000 -0.707 0.000 0.707	0.90 0.70 0.90
Lily_B	FlowerC0	SmoothPlastic	246,220,120	-3.600 0.950 -1.200 1.000 0.000 0.000 0.000 1.000 0.000 0.000 0.000 1.000	0.40 0.30 0.40
Shroom_A	Stalk0	SmoothPlastic	214,214,196	0.000 0.900 0.000 1.000 0.000 0.000 0.000 1.000 0.000 0.000 0.000 1.000	0.45 1.80 0.45
Shroom_A	Cap0	Neon	118,228,188	0.000 2.050 0.000 1.000 0.000 0.000 0.000 1.000 0.000 0.000 0.000 1.000	1.80 0.50 1.80
Shroom_A	Stalk1	SmoothPlastic	214,214,196	1.600 0.600 1.000 1.000 0.000 0.000 0.000 1.000 0.000 0.000 0.000 1.000	0.45 1.20 0.45
Shroom_A	Cap1	Neon	150,240,170	1.600 1.450 1.000 0.940 0.000 0.342 0.000 1.000 0.000 -0.342 0.000 0.940	1.20 0.50 1.20
Shroom_A	Stalk2	SmoothPlastic	214,214,196	-1.300 0.500 1.400 1.000 0.000 0.000 0.000 1.000 0.000 0.000 0.000 1.000	0.45 1.00 0.45
Shroom_A	Cap2	Neon	118,228,188	-1.300 1.250 1.400 0.766 0.000 0.643 0.000 1.000 0.000 -0.643 0.000 0.766	1.00 0.50 1.00
Shroom_A	Stalk3	SmoothPlastic	214,214,196	0.600 0.700 -1.600 1.000 0.000 0.000 0.000 1.000 0.000 0.000 0.000 1.000	0.45 1.40 0.45
Shroom_A	Cap3	Neon	150,240,170	0.600 1.650 -1.600 0.500 0.000 0.866 0.000 1.000 0.000 -0.866 0.000 0.500	1.30 0.50 1.30
Log_A	Log	Wood	48,36,28	0.000 1.400 0.500 -0.055 -0.011 -0.998 0.000 1.000 -0.011 0.998 -0.001 -0.055	2.60 2.60 18.03
Log_A	Branch	Wood	48,36,28	4.500 2.800 2.100 -0.707 -0.302 -0.640 0.000 0.905 -0.426 0.707 -0.302 -0.640	0.90 0.90 4.69
Log_A	Stump	Wood	62,46,34	-9.600 1.400 -0.200 0.966 0.000 0.259 0.000 1.000 0.000 -0.259 0.000 0.966	3.20 2.80 3.20
Log_A	Moss1	Grass	64,86,50	-2.000 2.900 0.400 0.999 0.000 0.052 0.000 1.000 0.000 -0.052 0.000 0.999	5.00 0.60 2.60
Log_A	Moss2	Grass	44,62,38	4.500 3.000 0.800 0.998 0.000 -0.070 0.000 1.000 0.000 0.070 0.000 0.998	3.20 0.50 2.20
Log_A	Cap	Neon	118,228,188	0.500 3.100 1.300 0.866 0.000 0.500 0.000 1.000 0.000 -0.500 0.000 0.866	1.00 0.40 1.00
