Campfire	Fire	0 0.8 0	1 0 0 0 1 0 0 0 1	4	1		
FerryDock	Sign	-49.79 14.6 -20	0 0 1 0 1 0 -1 0 0	5	1.2		늪 마을 나루
Longhouse	Smoke	-9 27.8706 -16.7	1 0 0 0 1 0 0 0 1	4	1		
Longhouse	Smoke	9 26.8706 -16.7	1 0 0 0 1 0 0 0 1	4	1		
Longhouse	Sign	0 14.2 10.03	-1 0 0 0 1 0 0 0 -1	7.2	1.8		늪개구리 주점
Longhouse	Fire	-9 8.2 -12.6	1 0 0 0 1 0 0 0 1	4	1		
MarketStallA	Sign	0 6.9 3.34	-1 0 0 0 1 0 0 0 -1	4.6	0.9		늪 생선
MarketStallB	Sign	0 6.9 3.34	-1 0 0 0 1 0 0 0 -1	4.6	0.9		물약 상점
MireShrine	Flame	13.0815 7.4 -13.0815	1 0 0 0 1 0 0 0 1	4	1	green	
MireShrine	Flame	-13.0815 7.4 -13.0815	1 0 0 0 1 0 0 0 1	4	1	green	
MireShrine	Flame	-13.0815 7.4 13.0815	1 0 0 0 1 0 0 0 1	4	1	green	
MireShrine	Flame	13.0815 7.4 13.0815	1 0 0 0 1 0 0 0 1	4	1	green	
NoticeBoard	Board	0 4.3 0.3	-1 0 0 0 1 0 0 0 -1	5.6	3.8		【늪 마을 알림】\n해가 지면 둑길 밖으로 나가지 마시오.\n사당 쪽 초록 불빛을 따라가지 마시오.\n마녀 할멈 웅덩이에선 목소리를 낮출 것.\n\n— 촌장
Signpost	SignA	2.2194 7.6 -0.6269	-0.93969 0 -0.34202 0 1 0 0.34202 0 -0.93969	3.6	0.8		늪 마을
Signpost	SignB	1.7865 6.2 1.4585	-0.81915 0 0.57358 0 1 0 -0.57358 0 -0.81915	3.6	0.8		마녀의 웅덩이
Signpost	SignC	-1.9069 4.8 -1.2972	0.86603 0 -0.5 0 1 0 0.5 0 0.86603	3.6	0.8		늪의 사당
StiltHouseA	Smoke	-10.1 25.1042 -4.5	1 0 0 0 1 0 0 0 1	4	1		
TorchPost	Fire	0 8.2 0	1 0 0 0 1 0 0 0 1	4	1		
WitchHut	Smoke	-3.6398 30.7842 -4.8067	0.99768 -0.04217 0.05346 0.04362 0.99871 -0.02615 -0.05229 0.02842 0.99823	4	1	green	
WitchHut	Cauldron	-3.5 9.22 8.5	1 0 0 0 1 0 0 0 1	4	1		
