땅	Fill_0	Mud	62,60,44	1856.00 -5.150 925.00	10.00	80.00 4.700 80.00	0	0	1
땅	FillRock_0	Rock	77,72,66	1856.00 -17.500 925.00	10.00	75.20 20.000 75.20	0	0	1
땅	Fill_1	Mud	62,60,44	1856.00 -5.190 1003.00	25.00	80.00 4.700 80.00	0	0	1
땅	FillRock_1	Rock	77,72,66	1856.00 -17.540 1003.00	25.00	75.20 20.000 75.20	0	0	1
땅	Fill_2	Mud	62,60,44	1860.00 -5.230 1062.00	5.00	80.00 4.700 64.00	0	0	1
땅	FillRock_2	Rock	77,72,66	1860.00 -17.580 1062.00	5.00	75.20 20.000 60.16	0	0	1
땅	Fill_3	Mud	62,60,44	1990.00 -5.150 1150.00	0.00	40.00 4.700 36.00	0	0	1
땅	FillRock_3	Rock	77,72,66	1990.00 -17.500 1150.00	0.00	37.60 20.000 33.84	0	0	1
땅	Fill_4	Mud	62,60,44	2006.00 -5.190 1200.00	15.00	80.00 4.700 80.00	0	0	1
땅	FillRock_4	Rock	77,72,66	2006.00 -17.540 1200.00	15.00	75.20 20.000 75.20	0	0	1
땅	Fill_5	Mud	62,60,44	2004.00 -5.150 1282.00	40.00	80.00 4.700 80.00	0	0	1
땅	FillRock_5	Rock	77,72,66	2004.00 -17.500 1282.00	40.00	75.20 20.000 75.20	0	0	1
땅	Fill_6	Mud	62,60,44	2010.00 -5.230 1340.00	8.00	70.00 4.700 60.00	0	0	1
땅	FillRock_6	Rock	77,72,66	2010.00 -17.580 1340.00	8.00	65.80 20.000 56.40	0	0	1
땅	Fill_7	Mud	62,60,44	2412.00 -5.150 802.00	0.00	84.00 4.700 50.00	0	0	1
땅	FillRock_7	Rock	77,72,66	2412.00 -17.500 802.00	0.00	78.96 20.000 47.00	0	0	1
땅	Fill_8	Mud	62,60,44	2944.00 -5.190 1200.00	20.00	90.00 4.700 84.00	0	0	1
땅	FillRock_8	Rock	77,72,66	2944.00 -17.540 1200.00	20.00	84.60 20.000 78.96	0	0	1
땅	Fill_9	Mud	62,60,44	2876.00 -5.230 1190.00	5.00	30.00 4.700 30.00	0	0	1
땅	FillRock_9	Rock	77,72,66	2876.00 -17.580 1190.00	5.00	28.20 20.000 28.20	0	0	1
땅	Fill_10	Mud	62,60,44	2944.00 -5.150 1262.00	0.00	44.00 4.700 36.00	0	0	1
땅	FillRock_10	Rock	77,72,66	2944.00 -17.500 1262.00	0.00	41.36 20.000 33.84	0	0	1
땅	Fill_11	Mud	62,60,44	2806.00 -5.190 1330.00	12.00	96.00 4.700 90.00	0	0	1
땅	FillRock_11	Rock	77,72,66	2806.00 -17.540 1330.00	12.00	90.24 20.000 84.60	0	0	1
땅	Fill_12	Mud	62,60,44	1548.00 -5.150 750.00	0.00	20.00 4.700 20.00	0	0	1
땅	FillRock_12	Rock	77,72,66	1548.00 -17.500 750.00	0.00	18.80 20.000 18.80	0	0	1
땅	Fill_13	Mud	62,60,44	2484.00 -5.150 1656.00	0.00	16.00 4.700 16.00	0	0	1
땅	FillRock_13	Rock	77,72,66	2484.00 -17.500 1656.00	0.00	15.04 20.000 15.04	0	0	1
땅	Fill_14	Mud	62,60,44	1890.00 -5.270 884.00	0.00	14.00 4.700 14.00	0	0	1
땅	FillRock_14	Rock	77,72,66	1890.00 -17.620 884.00	0.00	13.16 20.000 13.16	0	0	1
땅	Fill_15	Mud	62,60,44	1888.00 -5.270 974.00	0.00	22.00 4.700 32.00	0	0	1
땅	FillRock_15	Rock	77,72,66	1888.00 -17.620 974.00	0.00	20.68 20.000 30.08	0	0	1
땅	Fill_16	Mud	62,60,44	1820.00 -5.270 968.00	0.00	14.00 4.700 14.00	0	0	1
땅	FillRock_16	Rock	77,72,66	1820.00 -17.620 968.00	0.00	13.16 20.000 13.16	0	0	1
땅	Fill_17	Mud	62,60,44	1888.00 -5.270 1096.00	0.00	14.00 4.700 14.00	0	0	1
땅	FillRock_17	Rock	77,72,66	1888.00 -17.620 1096.00	0.00	13.16 20.000 13.16	0	0	1
땅	Fill_18	Mud	62,60,44	2940.00 -5.270 1144.00	0.00	12.00 4.700 12.00	0	0	1
땅	FillRock_18	Rock	77,72,66	2940.00 -17.620 1144.00	0.00	11.28 20.000 11.28	0	0	1
땅	Fill_19	Mud	62,60,44	2992.00 -5.270 1196.00	0.00	16.00 4.700 18.00	0	0	1
땅	FillRock_19	Rock	77,72,66	2992.00 -17.620 1196.00	0.00	15.04 20.000 16.92	0	0	1
땅	Fill_20	Mud	62,60,44	2896.00 -5.270 1202.00	0.00	12.00 4.700 16.00	0	0	1
땅	FillRock_20	Rock	77,72,66	2896.00 -17.620 1202.00	0.00	11.28 20.000 15.04	0	0	1
땅	Fill_21	Mud	62,60,44	2031.00 -5.270 1247.00	0.00	34.00 4.700 38.00	0	0	1
땅	FillRock_21	Rock	77,72,66	2031.00 -17.620 1247.00	0.00	31.96 20.000 35.72	0	0	1
땅	Fill_22	Mud	62,60,44	1976.00 -5.270 1244.00	0.00	12.00 4.700 18.00	0	0	1
땅	FillRock_22	Rock	77,72,66	1976.00 -17.620 1244.00	0.00	11.28 20.000 16.92	0	0	1
땅	Fill_23	Mud	62,60,44	1975.00 -5.270 1310.00	0.00	14.00 4.700 16.00	0	0	1
땅	FillRock_23	Rock	77,72,66	1975.00 -17.620 1310.00	0.00	13.16 20.000 15.04	0	0	1
땅	Fill_24	Mud	62,60,44	2848.00 -5.270 1370.00	0.00	12.00 4.700 10.00	0	0	1
땅	FillRock_24	Rock	77,72,66	2848.00 -17.620 1370.00	0.00	11.28 20.000 9.40	0	0	1
물	Water_0	SmoothPlastic	54,74,58	1931.94 -1.557 1098.43	99.15	87.82 2.315 80.41	0.22	0.08	0
물	Water_1	SmoothPlastic	50,70,55	2733.80 -1.577 1348.59	134.40	70.80 2.355 71.15	0.22	0.08	0
물	Water_2	SmoothPlastic	58,78,60	2083.29 -1.312 1298.41	49.76	79.94 1.825 74.56	0.22	0.08	0
물	Water_3	SmoothPlastic	52,72,52	1833.53 -1.298 1648.70	153.97	81.06 1.795 73.37	0.22	0.08	0
물	Water_4	SmoothPlastic	54,74,58	1677.34 -1.432 655.94	91.68	77.30 2.065 73.34	0.22	0.08	0
물	Water_5	SmoothPlastic	50,70,55	2827.68 -1.028 555.15	134.14	80.00 1.255 70.86	0.22	0.08	0
물	Water_6	SmoothPlastic	58,78,60	3130.88 -1.432 1453.52	27.50	71.86 2.065 75.62	0.22	0.08	0
물	Water_7	SmoothPlastic	52,72,52	3189.08 -1.443 751.04	104.59	76.74 2.085 89.01	0.22	0.08	0
물	Water_8	SmoothPlastic	54,74,58	2288.51 -1.608 1400.77	73.10	88.89 2.415 87.37	0.22	0.08	0
물	Water_9	SmoothPlastic	50,70,55	3179.38 -0.604 796.17	52.12	89.10 0.443 77.29	0.22	0.08	0
물	Water_10	SmoothPlastic	58,78,60	1783.61 -0.922 1503.07	83.96	87.38 1.045 86.70	0.22	0.08	0
물	Water_11	SmoothPlastic	52,72,52	2481.48 -1.028 1549.45	31.50	79.20 1.255 74.49	0.22	0.08	0
물	Water_12	SmoothPlastic	54,74,58	2887.76 -1.403 1652.98	156.32	87.33 2.005 89.91	0.22	0.08	0
물	Water_13	SmoothPlastic	50,70,55	2032.55 -1.009 1104.23	123.56	70.62 1.253 83.06	0.22	0.08	0
물	Water_14	SmoothPlastic	58,78,60	3178.61 -0.884 1449.12	174.67	75.22 1.003 72.65	0.22	0.08	0
물	Water_15	SmoothPlastic	52,72,52	2538.50 -1.533 1649.82	57.54	82.92 2.303 83.48	0.22	0.08	0
물	Water_16	SmoothPlastic	54,74,58	2686.91 -1.602 503.39	62.86	90.34 2.405 82.27	0.22	0.08	0
물	Water_17	SmoothPlastic	50,70,55	1787.69 -0.732 1102.74	150.33	87.16 0.665 75.50	0.22	0.08	0
물	Water_18	SmoothPlastic	58,78,60	3033.29 -1.372 1197.99	9.83	76.00 1.945 83.92	0.22	0.08	0
물	Water_19	SmoothPlastic	52,72,52	1827.70 -1.448 899.66	63.33	80.72 2.095 75.05	0.22	0.08	0
물	Water_20	SmoothPlastic	54,74,58	2382.42 -1.407 853.83	16.71	78.05 2.015 76.03	0.22	0.08	0
물	Water_21	SmoothPlastic	50,70,55	1430.20 -1.323 1254.27	130.70	80.48 1.845 83.92	0.22	0.08	0
물	Water_22	SmoothPlastic	58,78,60	2930.82 -1.385 1303.17	61.08	77.22 1.970 82.46	0.22	0.08	0
물	Water_23	SmoothPlastic	52,72,52	3037.94 -1.018 646.76	117.84	90.45 1.235 89.72	0.22	0.08	0
물	Water_24	SmoothPlastic	54,74,58	1931.28 -1.339 1200.45	2.02	78.62 1.913 86.56	0.22	0.08	0
물	Water_25	SmoothPlastic	50,70,55	2985.23 -1.352 1497.64	60.69	84.76 1.905 88.67	0.22	0.08	0
물	Water_26	SmoothPlastic	58,78,60	1827.60 -0.874 1548.37	9.47	76.83 0.983 73.11	0.22	0.08	0
물	Water_27	SmoothPlastic	52,72,52	2182.22 -1.604 1444.83	29.80	73.18 2.443 78.45	0.22	0.08	0
물	Water_28	SmoothPlastic	54,74,58	2878.13 -1.504 547.55	14.12	73.60 2.243 90.22	0.22	0.08	0
물	Water_29	SmoothPlastic	50,70,55	2830.10 -1.474 502.42	85.97	81.14 2.221 76.97	0.22	0.08	0
물	Water_30	SmoothPlastic	58,78,60	1928.34 -1.403 1296.99	93.22	85.21 2.005 82.37	0.22	0.08	0
물	Water_31	SmoothPlastic	52,72,52	3038.91 -0.774 1245.62	168.36	85.73 0.783 74.35	0.22	0.08	0
물	Water_32	SmoothPlastic	54,74,58	1679.19 -0.938 1404.53	20.65	81.72 1.075 80.14	0.22	0.08	0
물	Water_33	SmoothPlastic	50,70,55	3237.37 -1.383 1005.39	10.57	71.67 1.965 85.39	0.22	0.08	0
물	Water_34	SmoothPlastic	58,78,60	3127.49 -1.494 650.04	33.79	87.23 2.223 75.77	0.22	0.08	0
물	Water_35	SmoothPlastic	52,72,52	2088.24 -1.042 1149.86	7.00	84.74 1.285 83.02	0.22	0.08	0
물	Water_36	SmoothPlastic	54,74,58	1677.60 -1.389 695.20	107.43	88.33 2.013 82.25	0.22	0.08	0
물	Water_37	SmoothPlastic	50,70,55	2185.62 -0.752 699.25	10.48	78.77 0.705 89.36	0.22	0.08	0
물	Water_38	SmoothPlastic	58,78,60	2779.45 -1.501 494.02	83.66	81.96 2.309 81.50	0.22	0.08	0
물	Water_39	SmoothPlastic	52,72,52	1489.20 -1.463 1002.27	58.32	81.76 2.125 88.94	0.22	0.08	0
물	Water_40	SmoothPlastic	54,74,58	1939.25 -0.857 855.70	89.21	71.30 0.915 74.52	0.22	0.08	0
물	Water_41	SmoothPlastic	50,70,55	3230.27 -1.298 1049.47	128.81	76.07 1.833 76.14	0.22	0.08	0
물	Water_42	SmoothPlastic	58,78,60	1830.82 -1.294 1604.37	179.84	75.83 1.861 84.00	0.22	0.08	0
물	Water_43	SmoothPlastic	52,72,52	2436.17 -1.584 1554.36	171.53	86.56 2.403 77.23	0.22	0.08	0
물	Water_44	SmoothPlastic	54,74,58	3278.78 -1.307 852.02	32.38	89.29 1.815 72.22	0.22	0.08	0
물	Water_45	SmoothPlastic	50,70,55	1782.78 -1.459 996.00	156.76	74.32 2.153 76.10	0.22	0.08	0
물	Water_46	SmoothPlastic	58,78,60	2479.44 -1.412 494.31	164.42	78.14 2.025 82.16	0.22	0.08	0
물	Water_47	SmoothPlastic	52,72,52	2387.54 -1.514 748.22	156.85	72.54 2.263 77.04	0.22	0.08	0
물	Water_48	SmoothPlastic	54,74,58	2481.38 -1.519 1604.74	136.68	73.64 2.311 90.13	0.22	0.08	0
물	Water_49	SmoothPlastic	50,70,55	3236.80 -1.528 1252.16	1.86	76.69 2.255 77.57	0.22	0.08	0
물	Water_50	SmoothPlastic	58,78,60	1484.19 -0.746 1047.78	43.65	80.00 0.728 75.85	0.22	0.08	0
물	Water_51	SmoothPlastic	52,72,52	3085.38 -1.445 646.39	122.19	75.09 2.161 79.89	0.22	0.08	0
물	Water_52	SmoothPlastic	54,74,58	1938.60 -1.314 1348.27	123.46	73.78 1.863 71.47	0.22	0.08	0
물	Water_53	SmoothPlastic	50,70,55	1536.47 -0.750 1001.47	82.62	78.26 0.771 83.83	0.22	0.08	0
물	Water_54	SmoothPlastic	58,78,60	2379.30 -1.550 1501.49	73.29	73.57 2.371 79.06	0.22	0.08	0
물	Water_55	SmoothPlastic	52,72,52	2328.89 -1.444 1445.26	132.50	80.90 2.123 89.55	0.22	0.08	0
물	Water_56	SmoothPlastic	54,74,58	2086.07 -1.584 1199.66	45.91	77.06 2.441 76.96	0.22	0.08	0
물	Water_57	SmoothPlastic	50,70,55	2882.07 -1.389 1346.00	54.33	75.74 2.013 85.85	0.22	0.08	0
물	Water_58	SmoothPlastic	58,78,60	1438.26 -1.394 1151.83	56.72	73.66 2.023 77.28	0.22	0.08	0
물	Water_59	SmoothPlastic	52,72,52	2081.02 -1.439 1345.07	43.35	90.03 2.113 85.61	0.22	0.08	0
물	Water_60	SmoothPlastic	54,74,58	2036.38 -1.523 501.55	162.62	84.08 2.245 85.58	0.22	0.08	0
물	Water_61	SmoothPlastic	50,70,55	2434.77 -1.617 747.44	30.04	76.23 2.435 84.93	0.22	0.08	0
물	Water_62	SmoothPlastic	58,78,60	1939.33 -1.323 1647.49	72.83	79.21 1.883 86.30	0.22	0.08	0
물	Water_63	SmoothPlastic	52,72,52	2539.02 -1.394 501.78	60.02	83.80 2.023 87.25	0.22	0.08	0
물	Water_64	SmoothPlastic	54,74,58	2428.74 -1.325 503.15	36.44	79.63 1.921 79.55	0.22	0.08	0
물	Water_65	SmoothPlastic	50,70,55	1833.22 -0.904 1150.93	127.76	86.78 1.081 73.64	0.22	0.08	0
물	Water_66	SmoothPlastic	58,78,60	2078.76 -1.439 494.93	122.02	71.60 2.113 82.19	0.22	0.08	0
물	Water_67	SmoothPlastic	52,72,52	2486.69 -0.950 752.46	150.31	88.15 1.171 75.55	0.22	0.08	0
물	Water_68	SmoothPlastic	54,74,58	3234.36 -1.405 800.02	156.97	85.33 2.081 84.34	0.22	0.08	0
물	Water_69	SmoothPlastic	50,70,55	1837.91 -1.468 1103.05	65.60	77.78 2.173 81.29	0.22	0.08	0
물	Water_70	SmoothPlastic	58,78,60	2434.09 -1.470 850.80	151.49	78.11 2.249 82.23	0.22	0.08	0
물	Water_71	SmoothPlastic	52,72,52	2978.34 -1.289 1599.38	172.38	85.62 1.813 89.19	0.22	0.08	0
물	Water_72	SmoothPlastic	54,74,58	2984.78 -1.554 1244.38	48.92	73.26 2.381 77.37	0.22	0.08	0
물	Water_73	SmoothPlastic	50,70,55	2733.31 -1.398 1649.04	163.50	82.36 1.995 72.11	0.22	0.08	0
물	Water_74	SmoothPlastic	58,78,60	3177.82 -1.564 1494.43	18.91	74.88 2.401 80.56	0.22	0.08	0
물	Water_75	SmoothPlastic	52,72,52	1779.00 -0.715 896.98	5.01	89.12 0.701 75.13	0.22	0.08	0
물	Water_76	SmoothPlastic	54,74,58	1430.00 -1.345 1049.19	23.92	81.38 1.999 86.17	0.22	0.08	0
물	Water_77	SmoothPlastic	50,70,55	3232.26 -1.312 1502.52	176.97	73.51 1.825 77.07	0.22	0.08	0
물	Water_78	SmoothPlastic	58,78,60	2331.69 -0.881 1403.15	31.39	84.39 1.069 81.39	0.22	0.08	0
물	Water_79	SmoothPlastic	52,72,52	3230.59 -1.291 1399.73	32.97	73.19 1.889 82.65	0.22	0.08	0
물	Water_80	SmoothPlastic	54,74,58	3230.47 -1.499 1296.67	168.84	85.45 2.233 85.95	0.22	0.08	0
물	Water_81	SmoothPlastic	50,70,55	1429.82 -1.485 1198.69	149.11	77.29 2.241 80.99	0.22	0.08	0
물	Water_82	SmoothPlastic	58,78,60	2333.77 -0.995 744.04	106.84	82.47 1.261 84.90	0.22	0.08	0
물	Water_83	SmoothPlastic	52,72,52	2485.84 -1.296 799.15	11.01	79.42 1.937 74.24	0.22	0.08	0
물	Water_84	SmoothPlastic	54,74,58	2838.70 -1.314 1654.05	140.08	85.04 1.863 79.20	0.22	0.08	0
물	Water_85	SmoothPlastic	50,70,55	1933.37 -1.548 899.00	2.44	84.50 2.333 78.51	0.22	0.08	0
물	Water_86	SmoothPlastic	58,78,60	1978.13 -1.490 1102.18	22.53	81.92 2.251 72.87	0.22	0.08	0
물	Water_87	SmoothPlastic	52,72,52	2186.16 -1.302 1553.61	107.05	72.57 1.805 84.63	0.22	0.08	0
물	Water_88	SmoothPlastic	54,74,58	3231.09 -1.579 947.68	74.65	81.22 2.431 78.69	0.22	0.08	0
물	Water_89	SmoothPlastic	50,70,55	1885.15 -1.542 503.69	7.84	88.72 2.285 74.26	0.22	0.08	0
물	Water_90	SmoothPlastic	58,78,60	3237.53 -1.342 1444.58	6.97	89.84 2.027 84.33	0.22	0.08	0
물	Water_91	SmoothPlastic	52,72,52	2187.25 -1.389 601.46	3.62	75.73 2.013 72.82	0.22	0.08	0
물	Water_92	SmoothPlastic	54,74,58	2835.94 -1.363 1404.27	163.64	85.89 1.925 71.23	0.22	0.08	0
물	Water_93	SmoothPlastic	50,70,55	2337.47 -1.528 648.36	130.72	79.95 2.255 84.25	0.22	0.08	0
물	Water_94	SmoothPlastic	58,78,60	2839.24 -1.550 1246.85	137.73	75.85 2.371 87.08	0.22	0.08	0
물	Water_95	SmoothPlastic	52,72,52	2178.78 -0.745 1404.14	146.23	71.07 0.761 75.82	0.22	0.08	0
물	Water_96	SmoothPlastic	54,74,58	2127.49 -1.530 502.33	132.29	73.30 2.331 85.00	0.22	0.08	0
물	Water_97	SmoothPlastic	50,70,55	1528.40 -1.412 1346.55	87.43	89.17 2.025 79.21	0.22	0.08	0
물	Water_98	SmoothPlastic	58,78,60	2286.32 -1.461 753.48	2.42	88.88 2.229 73.16	0.22	0.08	0
물	Water_99	SmoothPlastic	52,72,52	1887.22 -1.586 844.61	173.29	87.15 2.479 72.51	0.22	0.08	0
물	Water_100	SmoothPlastic	54,74,58	2878.90 -0.877 1095.90	33.28	87.48 0.955 89.34	0.22	0.08	0
물	Water_101	SmoothPlastic	50,70,55	1938.00 -1.309 1247.70	101.65	86.85 1.891 73.45	0.22	0.08	0
물	Water_102	SmoothPlastic	58,78,60	2529.31 -0.810 1600.94	45.54	86.70 0.929 85.68	0.22	0.08	0
물	Water_103	SmoothPlastic	52,72,52	1937.71 -1.556 502.41	158.81	80.68 2.348 75.71	0.22	0.08	0
물	Water_104	SmoothPlastic	54,74,58	2386.60 -0.794 547.93	91.63	72.49 0.823 83.85	0.22	0.08	0
물	Water_105	SmoothPlastic	50,70,55	2786.67 -1.559 1645.28	4.01	76.03 2.391 82.64	0.22	0.08	0
물	Water_106	SmoothPlastic	58,78,60	2985.72 -0.979 1102.18	2.99	83.35 1.193 89.83	0.22	0.08	0
물	Water_107	SmoothPlastic	52,72,52	2978.37 -1.535 1147.96	70.75	71.76 2.379 71.84	0.22	0.08	0
물	Water_108	SmoothPlastic	54,74,58	2731.84 -0.959 1246.40	84.47	80.05 1.153 72.96	0.22	0.08	0
물	Water_109	SmoothPlastic	50,70,55	1931.07 -1.376 1049.82	19.37	75.42 2.059 83.49	0.22	0.08	0
물	Water_110	SmoothPlastic	58,78,60	3030.22 -0.992 1155.10	147.37	78.62 1.327 72.23	0.22	0.08	0
물	Water_111	SmoothPlastic	52,72,52	2883.76 -1.430 1251.91	140.14	77.10 2.169 86.94	0.22	0.08	0
물	Water_112	SmoothPlastic	54,74,58	2589.32 -1.470 503.30	151.19	75.92 2.211 86.55	0.22	0.08	0
물	Water_113	SmoothPlastic	50,70,55	2384.35 -0.987 1450.27	156.97	84.34 1.317 79.08	0.22	0.08	0
물	Water_114	SmoothPlastic	58,78,60	2886.88 -1.347 1146.69	133.59	83.72 2.037 74.97	0.22	0.08	0
물	Water_115	SmoothPlastic	52,72,52	1687.52 -1.363 1504.78	90.77	87.17 1.963 70.72	0.22	0.08	0
물	Water_116	SmoothPlastic	54,74,58	1580.42 -1.374 1396.76	134.98	83.98 1.983 70.95	0.22	0.08	0
물	Water_117	SmoothPlastic	50,70,55	2432.51 -0.885 1494.35	125.85	82.54 1.079 87.37	0.22	0.08	0
물	Water_118	SmoothPlastic	58,78,60	2036.34 -1.474 1404.33	43.17	84.79 2.221 89.20	0.22	0.08	0
물	Water_119	SmoothPlastic	52,72,52	1985.45 -1.528 1644.45	44.26	85.13 2.255 88.07	0.22	0.08	0
물	Water_120	SmoothPlastic	54,74,58	1530.49 -1.579 1297.44	7.79	84.96 2.431 87.10	0.22	0.08	0
물	Water_121	SmoothPlastic	50,70,55	2178.37 -1.341 1504.91	47.49	82.16 1.989 87.62	0.22	0.08	0
물	Water_122	SmoothPlastic	58,78,60	1829.49 -1.414 499.06	141.01	72.95 2.101 73.83	0.22	0.08	0
물	Water_123	SmoothPlastic	52,72,52	2187.07 -1.332 552.83	94.30	77.18 1.865 84.69	0.22	0.08	0
물	Water_124	SmoothPlastic	54,74,58	1878.29 -1.552 1144.17	23.48	88.64 2.447 74.94	0.22	0.08	0
물	Water_125	SmoothPlastic	50,70,55	2331.90 -1.296 804.27	156.65	89.95 1.937 79.01	0.22	0.08	0
물	Water_126	SmoothPlastic	58,78,60	1582.32 -0.716 1355.97	71.29	77.91 0.739 88.12	0.22	0.08	0
물	Water_127	SmoothPlastic	52,72,52	1528.46 -1.443 855.15	141.70	80.03 2.085 74.72	0.22	0.08	0
물	Water_128	SmoothPlastic	54,74,58	1680.11 -1.559 1448.84	55.06	84.77 2.391 83.26	0.22	0.08	0
물	Water_129	SmoothPlastic	50,70,55	3038.59 -1.321 1395.12	70.01	81.81 1.878 71.01	0.22	0.08	0
물	Water_130	SmoothPlastic	58,78,60	1429.58 -1.472 1096.10	168.21	83.34 2.287 86.83	0.22	0.08	0
물	Water_131	SmoothPlastic	52,72,52	1782.72 -1.276 1048.84	172.55	84.14 1.859 82.38	0.22	0.08	0
물	Water_132	SmoothPlastic	54,74,58	3230.64 -1.376 896.99	83.78	78.88 2.059 89.25	0.22	0.08	0
물	Water_133	SmoothPlastic	50,70,55	2927.59 -0.705 1597.24	26.64	77.84 0.681 72.31	0.22	0.08	0
물	Water_134	SmoothPlastic	58,78,60	1929.68 -1.522 953.21	164.31	80.81 2.316 77.35	0.22	0.08	0
물	Water_135	SmoothPlastic	52,72,52	2338.41 -1.381 550.61	118.24	74.97 2.069 87.14	0.22	0.08	0
물	Water_136	SmoothPlastic	54,74,58	2227.73 -1.356 1402.00	117.89	85.81 2.057 71.41	0.22	0.08	0
물	Water_137	SmoothPlastic	50,70,55	1934.67 -1.347 1146.26	104.40	81.89 2.075 87.73	0.22	0.08	0
물	Water_138	SmoothPlastic	58,78,60	1787.66 -1.385 1554.63	65.99	73.66 2.079 81.04	0.22	0.08	0
물	Water_139	SmoothPlastic	52,72,52	2930.97 -1.436 1653.75	174.34	72.67 2.179 88.56	0.22	0.08	0
물	Water_140	SmoothPlastic	54,74,58	2679.34 -1.504 1650.81	156.75	81.93 2.243 74.69	0.22	0.08	0
물	Water_141	SmoothPlastic	50,70,55	3233.78 -1.405 1345.00	148.71	77.51 2.081 81.76	0.22	0.08	0
물	Water_142	SmoothPlastic	58,78,60	2330.94 -1.338 696.47	115.31	80.43 2.055 79.62	0.22	0.08	0
물	Water_143	SmoothPlastic	52,72,52	1879.76 -1.461 1644.40	27.78	81.52 2.229 73.59	0.22	0.08	0
물	Water_144	SmoothPlastic	54,74,58	1532.39 -0.899 1250.98	54.00	72.57 1.033 79.30	0.22	0.08	0
물	Water_145	SmoothPlastic	50,70,55	1981.54 -1.559 505.57	131.77	83.80 2.391 83.51	0.22	0.08	0
물	Water_146	SmoothPlastic	58,78,60	2987.00 -1.299 1554.41	120.73	78.81 1.942 85.88	0.22	0.08	0
물	Water_147	SmoothPlastic	52,72,52	2077.93 -1.428 1654.40	126.07	80.84 2.093 72.90	0.22	0.08	0
물	Water_148	SmoothPlastic	54,74,58	2937.01 -1.564 1095.24	127.31	78.49 2.401 74.64	0.22	0.08	0
물	Water_149	SmoothPlastic	50,70,55	2332.17 -0.778 850.55	106.47	76.06 0.935 87.26	0.22	0.08	0
물	Water_150	SmoothPlastic	58,78,60	1482.68 -1.515 1250.32	33.94	71.00 2.339 83.00	0.22	0.08	0
물	Water_151	SmoothPlastic	52,72,52	1985.44 -1.416 1401.33	35.38	89.65 2.139 73.88	0.22	0.08	0
물	Water_152	SmoothPlastic	54,74,58	3228.47 -1.524 1096.06	107.17	75.77 2.321 83.82	0.22	0.08	0
물	Water_153	SmoothPlastic	50,70,55	2980.71 -0.885 1396.37	63.64	74.86 1.041 82.08	0.22	0.08	0
물	Water_154	SmoothPlastic	58,78,60	2887.15 -0.770 1395.39	33.29	78.92 0.849 75.79	0.22	0.08	0
물	Water_155	SmoothPlastic	52,72,52	1530.08 -1.584 802.22	36.92	87.44 2.403 80.48	0.22	0.08	0
물	Water_156	SmoothPlastic	54,74,58	1778.51 -1.542 551.20	167.67	72.52 2.285 73.17	0.22	0.08	0
물	Water_157	SmoothPlastic	50,70,55	1687.25 -0.950 754.69	39.32	79.12 1.171 80.55	0.22	0.08	0
물	Water_158	SmoothPlastic	58,78,60	2729.98 -1.456 1296.69	115.14	81.26 2.219 79.51	0.22	0.08	0
물	Water_159	SmoothPlastic	52,72,52	2332.44 -1.485 602.69	156.77	78.27 2.241 76.30	0.22	0.08	0
물	Water_160	SmoothPlastic	54,74,58	2131.67 -0.985 1600.10	33.96	78.67 1.241 84.95	0.22	0.08	0
물	Water_161	SmoothPlastic	50,70,55	1627.86 -1.416 1402.85	60.50	85.41 2.177 88.46	0.22	0.08	0
물	Water_162	SmoothPlastic	58,78,60	2988.19 -1.302 1444.69	2.59	81.61 1.985 79.90	0.22	0.08	0
물	Water_163	SmoothPlastic	52,72,52	2736.19 -1.309 496.51	61.35	79.63 1.853 79.26	0.22	0.08	0
물	Water_164	SmoothPlastic	54,74,58	2733.47 -0.864 1405.79	67.36	85.21 0.963 87.46	0.22	0.08	0
물	Water_165	SmoothPlastic	50,70,55	2628.07 -1.289 1649.74	32.10	83.45 1.851 83.57	0.22	0.08	0
물	Water_166	SmoothPlastic	58,78,60	2381.54 -1.447 500.54	13.44	77.23 2.237 85.98	0.22	0.08	0
물	Water_167	SmoothPlastic	52,72,52	2882.63 -1.331 1294.67	39.61	85.72 2.007 79.54	0.22	0.08	0
물	Water_168	SmoothPlastic	54,74,58	2931.83 -1.434 605.66	167.61	74.70 2.141 83.90	0.22	0.08	0
물	Water_169	SmoothPlastic	50,70,55	2478.23 -0.999 854.03	41.40	78.26 1.233 84.30	0.22	0.08	0
물	Water_170	SmoothPlastic	58,78,60	3034.08 -1.401 599.08	164.05	82.58 2.109 89.82	0.22	0.08	0
물	Water_171	SmoothPlastic	52,72,52	2186.70 -1.319 1597.08	137.72	87.71 1.873 75.55	0.22	0.08	0
물	Water_172	SmoothPlastic	54,74,58	2230.31 -1.354 702.73	98.17	74.02 1.943 78.15	0.22	0.08	0
물	Water_173	SmoothPlastic	50,70,55	2631.46 -1.586 499.09	15.40	86.06 2.479 76.24	0.22	0.08	0
물	Water_174	SmoothPlastic	58,78,60	3132.27 -1.200 701.44	19.35	81.04 1.709 75.83	0.22	0.08	0
물	Water_175	SmoothPlastic	52,72,52	2986.65 -0.833 1302.33	29.33	83.77 1.045 80.39	0.22	0.08	0
물	Water_176	SmoothPlastic	54,74,58	1730.91 -1.429 597.38	21.88	88.18 2.131 75.80	0.22	0.08	0
물	Water_177	SmoothPlastic	50,70,55	2187.97 -1.550 646.93	152.68	90.60 2.371 87.03	0.22	0.08	0
물	Water_178	SmoothPlastic	58,78,60	1834.42 -0.811 846.43	23.27	77.89 0.967 90.54	0.22	0.08	0
물	Water_179	SmoothPlastic	52,72,52	3132.74 -0.688 1399.22	89.55	80.23 0.755 88.17	0.22	0.08	0
물	Water_180	SmoothPlastic	54,74,58	1781.02 -1.318 945.44	49.43	83.65 2.015 83.75	0.22	0.08	0
물	Water_181	SmoothPlastic	50,70,55	2989.10 -1.306 597.67	31.38	74.81 1.957 80.37	0.22	0.08	0
물	Water_182	SmoothPlastic	58,78,60	1934.42 -1.286 995.41	153.25	74.95 1.917 72.90	0.22	0.08	0
물	Water_183	SmoothPlastic	52,72,52	3082.56 -1.441 1403.95	44.15	70.63 2.189 87.48	0.22	0.08	0
물	Water_184	SmoothPlastic	54,74,58	1728.95 -1.391 1494.04	154.67	89.07 2.127 72.98	0.22	0.08	0
물	Water_185	SmoothPlastic	50,70,55	2229.89 -0.863 754.05	67.93	75.84 1.105 77.55	0.22	0.08	0
물	Water_186	SmoothPlastic	58,78,60	2787.32 -1.360 1394.22	131.81	70.98 1.991 86.79	0.22	0.08	0
물	Water_187	SmoothPlastic	52,72,52	1830.95 -0.989 555.10	37.26	78.80 1.213 76.24	0.22	0.08	0
물	Water_188	SmoothPlastic	54,74,58	3235.27 -1.401 1202.39	24.14	89.71 2.109 77.28	0.22	0.08	0
물	Water_189	SmoothPlastic	50,70,55	2879.08 -0.901 597.63	170.82	77.80 1.109 84.45	0.22	0.08	0
물	Water_190	SmoothPlastic	58,78,60	2082.25 -0.896 1397.50	27.13	85.79 1.137 71.29	0.22	0.08	0
물	Water_191	SmoothPlastic	52,72,52	1588.55 -1.448 747.25	25.87	72.92 2.095 86.39	0.22	0.08	0
물	Water_192	SmoothPlastic	54,74,58	2137.28 -1.316 1655.77	66.15	88.81 1.939 77.53	0.22	0.08	0
물	Water_193	SmoothPlastic	50,70,55	2829.15 -1.267 1198.24	36.32	80.54 1.915 72.19	0.22	0.08	0
물	Water_194	SmoothPlastic	58,78,60	2786.35 -1.503 1252.08	2.89	86.03 2.423 78.33	0.22	0.08	0
물	Water_195	SmoothPlastic	52,72,52	1780.61 -0.915 601.60	61.54	83.93 1.139 86.72	0.22	0.08	0
물	Water_196	SmoothPlastic	54,74,58	2837.14 -0.739 1144.33	37.74	87.54 0.713 81.02	0.22	0.08	0
물	Water_197	SmoothPlastic	50,70,55	1528.38 -1.436 896.09	131.80	71.41 2.179 89.79	0.22	0.08	0
물	Water_198	SmoothPlastic	58,78,60	2080.80 -1.300 1254.85	85.00	81.11 1.909 76.58	0.22	0.08	0
물	Water_199	SmoothPlastic	52,72,52	2183.14 -1.575 502.16	67.39	88.40 2.459 85.88	0.22	0.08	0
물	Water_200	SmoothPlastic	54,74,58	1583.52 -0.727 797.30	126.18	74.56 0.797 87.39	0.22	0.08	0
물	Water_201	SmoothPlastic	50,70,55	1630.92 -1.476 744.56	150.33	84.87 2.259 75.97	0.22	0.08	0
물	Water_202	SmoothPlastic	58,78,60	1935.91 -0.942 1395.40	41.04	78.43 1.227 74.60	0.22	0.08	0
물	Water_203	SmoothPlastic	52,72,52	2038.79 -1.342 1646.21	131.42	71.54 2.027 84.19	0.22	0.08	0
물	Water_204	SmoothPlastic	54,74,58	3235.46 -1.369 1147.46	154.39	71.79 2.082 77.03	0.22	0.08	0
물	Water_205	SmoothPlastic	50,70,55	1533.94 -1.334 945.14	148.98	72.31 1.903 72.78	0.22	0.08	0
물	Water_206	SmoothPlastic	58,78,60	2027.58 -1.501 1150.67	61.78	79.60 2.309 72.34	0.22	0.08	0
물	Water_207	SmoothPlastic	52,72,52	2584.17 -1.512 1654.58	148.61	79.07 2.225 74.26	0.22	0.08	0
물	Water_208	SmoothPlastic	54,74,58	3229.09 -0.876 855.10	10.60	75.41 1.097 87.87	0.22	0.08	0
물	Water_209	SmoothPlastic	50,70,55	1735.29 -0.747 649.99	90.49	80.68 0.837 86.67	0.22	0.08	0
물	Water_210	SmoothPlastic	58,78,60	1856.00 -1.546 925.00	10.00	80.60 2.508 80.60	0.22	0.08	0
물	Water_211	SmoothPlastic	52,72,52	1856.00 -1.557 1003.00	25.00	80.60 2.566 80.60	0.22	0.08	0
물	Water_212	SmoothPlastic	54,74,58	1860.00 -1.586 1062.00	5.00	80.60 2.588 64.60	0.22	0.08	0
물	Water_213	SmoothPlastic	50,70,55	1990.00 -1.564 1150.00	0.00	40.60 2.472 36.60	0.22	0.08	0
물	Water_214	SmoothPlastic	58,78,60	2006.00 -1.566 1200.00	15.00	80.60 2.548 80.60	0.22	0.08	0
물	Water_215	SmoothPlastic	52,72,52	2004.00 -1.564 1282.00	40.00	80.60 2.472 80.60	0.22	0.08	0
물	Water_216	SmoothPlastic	54,74,58	2010.00 -1.595 1340.00	8.00	70.60 2.570 60.60	0.22	0.08	0
물	Water_217	SmoothPlastic	50,70,55	2412.00 -1.546 802.00	0.00	84.60 2.508 50.60	0.22	0.08	0
물	Water_218	SmoothPlastic	58,78,60	2944.00 -1.566 1200.00	20.00	90.60 2.548 84.60	0.22	0.08	0
물	Water_219	SmoothPlastic	52,72,52	2876.00 -1.640 1190.00	5.00	30.60 2.480 30.60	0.22	0.08	0
물	Water_220	SmoothPlastic	54,74,58	2944.00 -1.591 1262.00	0.00	44.60 2.418 36.60	0.22	0.08	0
물	Water_221	SmoothPlastic	50,70,55	2806.00 -1.575 1330.00	12.00	96.60 2.530 90.60	0.22	0.08	0
물	Water_222	SmoothPlastic	58,78,60	1548.00 -1.582 750.00	0.00	20.60 2.436 20.60	0.22	0.08	0
물	Water_223	SmoothPlastic	52,72,52	2484.00 -1.600 1656.00	0.00	16.60 2.400 16.60	0.22	0.08	0
물	Water_224	SmoothPlastic	54,74,58	1890.00 -1.642 884.00	0.00	14.60 2.556 14.60	0.22	0.08	0
물	Water_225	SmoothPlastic	50,70,55	1888.00 -1.660 974.00	0.00	22.60 2.520 32.60	0.22	0.08	0
물	Water_226	SmoothPlastic	58,78,60	1820.00 -1.660 968.00	0.00	14.60 2.520 14.60	0.22	0.08	0
물	Water_227	SmoothPlastic	52,72,52	1888.00 -1.642 1096.00	0.00	14.60 2.556 14.60	0.22	0.08	0
물	Water_228	SmoothPlastic	54,74,58	2940.00 -1.660 1144.00	0.00	12.60 2.520 12.60	0.22	0.08	0
물	Water_229	SmoothPlastic	50,70,55	2992.00 -1.615 1196.00	0.00	16.60 2.610 18.60	0.22	0.08	0
물	Water_230	SmoothPlastic	58,78,60	2896.00 -1.651 1202.00	0.00	12.60 2.538 16.60	0.22	0.08	0
물	Water_231	SmoothPlastic	52,72,52	2031.00 -1.651 1247.00	0.00	34.60 2.538 38.60	0.22	0.08	0
물	Water_232	SmoothPlastic	54,74,58	1976.00 -1.633 1244.00	0.00	12.60 2.574 18.60	0.22	0.08	0
물	Water_233	SmoothPlastic	50,70,55	1975.00 -1.633 1310.00	0.00	14.60 2.574 16.60	0.22	0.08	0
물	Water_234	SmoothPlastic	58,78,60	2848.00 -1.624 1370.00	0.00	12.60 2.592 10.60	0.22	0.08	0
길	Path_0	Ground	104,88,64	1872.00 -0.645 815.00	88.00	24.00 3.300 8.00	0	0	1
길	Path_1	Ground	96,80,58	1872.00 -0.645 793.00	92.00	24.00 3.300 8.00	0	0	1
길	Path_2	Ground	104,88,64	1872.00 -0.575 771.00	88.00	24.00 3.300 8.00	0	0	1
길	Path_3	Ground	96,80,58	1875.50 -0.485 752.50	66.98	18.55 3.300 8.00	0	0	1
길	Path_4	Ground	104,88,64	1882.50 -0.485 737.50	62.98	18.55 3.300 8.00	0	0	1
길	Path_5	Ground	96,80,58	1889.50 -0.485 722.50	66.98	18.55 3.300 8.00	0	0	1
길	Path_6	Ground	104,88,64	1896.50 -0.485 707.50	62.98	18.55 3.300 8.00	0	0	1
길	Path_7	Ground	96,80,58	1970.90 -0.730 881.00	-3.77	21.90 3.300 9.00	0	0	1
길	Path_8	Ground	104,88,64	1990.70 -0.555 883.00	-7.77	21.90 3.300 9.00	0	0	1
길	Path_9	Ground	96,80,58	2010.50 -0.555 885.00	-3.77	21.90 3.300 9.00	0	0	1
길	Path_10	Ground	104,88,64	2030.30 -0.555 887.00	-7.77	21.90 3.300 9.00	0	0	1
길	Path_11	Ground	96,80,58	2050.10 -0.555 889.00	-3.77	21.90 3.300 9.00	0	0	1
길	Path_12	Ground	104,88,64	2070.00 -0.555 891.25	-9.13	22.16 3.300 9.00	0	0	1
길	Path_13	Ground	96,80,58	2090.00 -0.495 893.75	-5.13	22.16 3.300 9.00	0	0	1
길	Path_14	Ground	104,88,64	2110.00 -0.495 896.25	-9.13	22.16 3.300 9.00	0	0	1
길	Path_15	Ground	96,80,58	2130.00 -0.470 898.75	-5.13	22.16 3.300 9.00	0	0	1
길	Path_16	Ground	104,88,64	2150.00 -0.470 901.25	-9.13	22.16 3.300 9.00	0	0	1
길	Path_17	Ground	96,80,58	2170.00 -0.470 903.75	-5.13	22.16 3.300 9.00	0	0	1
길	Path_18	Ground	104,88,64	2190.00 -0.470 904.58	0.39	22.02 3.300 9.00	0	0	1
길	Path_19	Ground	96,80,58	2210.00 -0.470 903.75	4.39	22.02 3.300 9.00	0	0	1
길	Path_20	Ground	104,88,64	2230.00 -0.470 902.92	0.39	22.02 3.300 9.00	0	0	1
길	Path_21	Ground	96,80,58	2250.00 -0.535 902.08	4.39	22.02 3.300 9.00	0	0	1
길	Path_22	Ground	104,88,64	2270.00 -0.405 901.25	0.39	22.02 3.300 9.00	0	0	1
길	Path_23	Ground	96,80,58	2290.00 -0.405 900.42	4.39	22.02 3.300 9.00	0	0	1
길	Path_24	Ground	104,88,64	2310.42 -0.185 897.33	12.36	23.51 3.300 9.00	0	0	1
길	Path_25	Ground	96,80,58	2331.25 -0.185 892.00	16.36	23.51 3.300 9.00	0	0	1
길	Path_26	Ground	104,88,64	2352.08 -0.405 886.67	12.36	23.51 3.300 9.00	0	0	1
길	Path_27	Ground	96,80,58	2372.92 -0.405 881.33	16.36	23.51 3.300 9.00	0	0	1
길	Path_28	Ground	104,88,64	2393.75 -0.965 876.00	12.36	23.51 3.300 9.00	0	0	1
길	Path_29	Ground	96,80,58	2414.58 -0.965 870.67	16.36	23.51 3.300 9.00	0	0	1
길	Path_30	Ground	104,88,64	2424.30 -0.035 877.20	-96.35	20.45 3.300 8.00	0	0	1
길	Path_31	Ground	96,80,58	2422.90 -0.035 895.60	-92.35	20.45 3.300 8.00	0	0	1
길	Path_32	Ground	104,88,64	2421.50 -0.035 914.00	-96.35	20.45 3.300 8.00	0	0	1
길	Path_33	Ground	96,80,58	2420.10 0.460 932.40	-92.35	20.45 3.300 8.00	0	0	1
길	Path_34	Ground	104,88,64	2418.70 2.865 950.80	-96.35	20.45 3.300 8.00	0	0	1
길	Path_35	Ground	96,80,58	2416.00 2.865 968.75	-100.88	19.95 3.300 8.00	0	0	1
길	Path_36	Ground	104,88,64	2412.00 2.865 986.25	-104.88	19.95 3.300 8.00	0	0	1
길	Path_37	Ground	96,80,58	2408.00 5.085 1003.75	-100.88	19.95 3.300 8.00	0	0	1
길	Path_38	Ground	104,88,64	2404.00 5.085 1021.25	-104.88	19.95 3.300 8.00	0	0	1
길	Path_39	Ground	96,80,58	2120.80 -0.905 1176.20	-33.17	23.53 3.300 9.00	0	0	1
길	Path_40	Ground	104,88,64	2138.40 -0.775 1188.60	-37.17	23.53 3.300 9.00	0	0	1
길	Path_41	Ground	96,80,58	2156.00 -0.565 1201.00	-33.17	23.53 3.300 9.00	0	0	1
길	Path_42	Ground	104,88,64	2173.60 -0.565 1213.40	-37.17	23.53 3.300 9.00	0	0	1
길	Path_43	Ground	96,80,58	2191.20 -0.525 1225.80	-33.17	23.53 3.300 9.00	0	0	1
길	Path_44	Ground	104,88,64	2210.00 -0.525 1233.67	-11.46	22.28 3.300 9.00	0	0	1
길	Path_45	Ground	96,80,58	2230.00 -0.525 1237.00	-7.46	22.28 3.300 9.00	0	0	1
길	Path_46	Ground	104,88,64	2250.00 -0.460 1240.33	-11.46	22.28 3.300 9.00	0	0	1
길	Path_47	Ground	96,80,58	2270.00 -0.460 1243.67	-7.46	22.28 3.300 9.00	0	0	1
길	Path_48	Ground	104,88,64	2290.00 -0.460 1247.00	-11.46	22.28 3.300 9.00	0	0	1
길	Path_49	Ground	96,80,58	2310.00 -0.460 1250.33	-7.46	22.28 3.300 9.00	0	0	1
길	Path_50	Ground	104,88,64	2330.83 -0.395 1251.50	0.64	23.69 3.300 9.00	0	0	1
길	Path_51	Ground	96,80,58	2352.50 -0.395 1250.50	4.64	23.69 3.300 9.00	0	0	1
길	Path_52	Ground	104,88,64	2374.17 -0.395 1249.50	0.64	23.69 3.300 9.00	0	0	1
길	Path_53	Ground	96,80,58	2395.83 -0.395 1248.50	4.64	23.69 3.300 9.00	0	0	1
길	Path_54	Ground	104,88,64	2417.50 -0.395 1247.50	0.64	23.69 3.300 9.00	0	0	1
길	Path_55	Ground	96,80,58	2439.17 -0.395 1246.50	4.64	23.69 3.300 9.00	0	0	1
길	Path_56	Ground	104,88,64	2459.17 -0.535 1249.00	-20.12	21.29 3.300 9.00	0	0	1
길	Path_57	Ground	96,80,58	2477.50 -0.385 1255.00	-16.12	21.29 3.300 9.00	0	0	1
길	Path_58	Ground	104,88,64	2495.83 -0.385 1261.00	-20.12	21.29 3.300 9.00	0	0	1
길	Path_59	Ground	96,80,58	2514.17 -0.385 1267.00	-16.12	21.29 3.300 9.00	0	0	1
길	Path_60	Ground	104,88,64	2532.50 -0.385 1273.00	-20.12	21.29 3.300 9.00	0	0	1
길	Path_61	Ground	96,80,58	2550.83 -0.385 1279.00	-16.12	21.29 3.300 9.00	0	0	1
길	Path_62	Ground	104,88,64	2568.20 -0.595 1286.00	-28.00	20.25 3.300 9.00	0	0	1
길	Path_63	Ground	96,80,58	2584.60 -0.595 1294.00	-24.00	20.25 3.300 9.00	0	0	1
길	Path_64	Ground	104,88,64	2601.00 -0.565 1302.00	-28.00	20.25 3.300 9.00	0	0	1
길	Path_65	Ground	96,80,58	2617.40 -0.565 1310.00	-24.00	20.25 3.300 9.00	0	0	1
길	Path_66	Ground	104,88,64	2633.80 -0.595 1318.00	-28.00	20.25 3.300 9.00	0	0	1
길	Path_67	Ground	96,80,58	2650.75 -0.595 1320.50	11.73	19.76 3.300 9.00	0	0	1
길	Path_68	Ground	104,88,64	2668.25 -0.595 1317.50	7.73	19.76 3.300 9.00	0	0	1
길	Path_69	Ground	96,80,58	2685.75 -0.595 1314.50	11.73	19.76 3.300 9.00	0	0	1
길	Path_70	Ground	104,88,64	2703.25 -0.975 1311.50	7.73	19.76 3.300 9.00	0	0	1
길	Path_71	Ground	96,80,58	2433.50 -0.965 871.40	-19.80	20.31 3.300 8.00	0	0	1
길	Path_72	Ground	104,88,64	2450.50 -0.935 878.20	-23.80	20.31 3.300 8.00	0	0	1
길	Path_73	Ground	96,80,58	2467.50 -0.585 885.00	-19.80	20.31 3.300 8.00	0	0	1
길	Path_74	Ground	104,88,64	2484.50 -0.455 891.80	-23.80	20.31 3.300 8.00	0	0	1
길	Path_75	Ground	96,80,58	2501.50 -0.455 898.60	-19.80	20.31 3.300 8.00	0	0	1
길	Path_76	Ground	104,88,64	2519.17 -0.395 897.83	22.44	22.14 3.300 8.00	0	0	1
길	Path_77	Ground	96,80,58	2537.50 -0.395 889.50	26.44	22.14 3.300 8.00	0	0	1
길	Path_78	Ground	104,88,64	2555.83 -0.395 881.17	22.44	22.14 3.300 8.00	0	0	1
길	Path_79	Ground	96,80,58	2574.17 -0.395 872.83	26.44	22.14 3.300 8.00	0	0	1
길	Path_80	Ground	104,88,64	2592.50 -0.455 864.50	22.44	22.14 3.300 8.00	0	0	1
길	Path_81	Ground	96,80,58	2610.83 -0.985 856.17	26.44	22.14 3.300 8.00	0	0	1
길	Path_82	Ground	104,88,64	2630.00 -0.395 850.33	7.46	22.28 3.300 8.00	0	0	1
길	Path_83	Ground	96,80,58	2650.00 -0.395 847.00	11.46	22.28 3.300 8.00	0	0	1
길	Path_84	Ground	104,88,64	2670.00 -0.755 843.67	7.46	22.28 3.300 8.00	0	0	1
길	Path_85	Ground	96,80,58	2690.00 -0.545 840.33	11.46	22.28 3.300 8.00	0	0	1
길	Path_86	Ground	104,88,64	2710.00 -0.485 837.00	7.46	22.28 3.300 8.00	0	0	1
길	Path_87	Ground	96,80,58	2730.00 -0.455 833.67	11.46	22.28 3.300 8.00	0	0	1
길	Path_88	Ground	104,88,64	2750.00 -0.455 830.33	7.46	22.28 3.300 8.00	0	0	1
길	Path_89	Ground	96,80,58	2770.00 -0.455 827.00	11.46	22.28 3.300 8.00	0	0	1
길	Path_90	Ground	104,88,64	2790.00 -0.350 823.67	7.46	22.28 3.300 8.00	0	0	1
길	Path_91	Ground	96,80,58	2810.71 -0.350 820.43	10.34	23.66 3.300 8.00	0	0	1
길	Path_92	Ground	104,88,64	2832.14 -0.350 817.29	6.34	23.66 3.300 8.00	0	0	1
길	Path_93	Ground	96,80,58	2853.57 -0.350 814.14	10.34	23.66 3.300 8.00	0	0	1
길	Path_94	Ground	104,88,64	2875.00 -0.350 811.00	6.34	23.66 3.300 8.00	0	0	1
길	Path_95	Ground	96,80,58	2896.43 -0.415 807.86	10.34	23.66 3.300 8.00	0	0	1
길	Path_96	Ground	104,88,64	2917.86 -0.475 804.71	6.34	23.66 3.300 8.00	0	0	1
길	Path_97	Ground	96,80,58	2939.29 2.345 801.57	10.34	23.66 3.300 8.00	0	0	1
길	Path_98	Ground	104,88,64	2960.00 2.345 798.20	8.20	22.32 3.300 8.00	0	0	1
길	Path_99	Ground	96,80,58	2980.00 5.025 794.60	12.20	22.32 3.300 8.00	0	0	1
길	Path_100	Ground	104,88,64	3000.00 5.025 791.00	8.20	22.32 3.300 8.00	0	0	1
길	Path_101	Ground	96,80,58	3020.00 5.025 787.40	12.20	22.32 3.300 8.00	0	0	1
길	Path_102	Ground	104,88,64	3040.00 6.115 783.80	8.20	22.32 3.300 8.00	0	0	1
길	Path_103	Ground	96,80,58	1763.67 -0.405 1051.00	-172.47	22.76 3.300 8.00	0	0	1
길	Path_104	Ground	104,88,64	1743.00 -0.405 1053.00	-176.47	22.76 3.300 8.00	0	0	1
길	Path_105	Ground	96,80,58	1722.33 -0.370 1055.00	-172.47	22.76 3.300 8.00	0	0	1
길	Path_106	Ground	104,88,64	1701.67 -0.370 1057.00	-176.47	22.76 3.300 8.00	0	0	1
길	Path_107	Ground	96,80,58	1681.00 -0.370 1059.00	-172.47	22.76 3.300 8.00	0	0	1
길	Path_108	Ground	104,88,64	1660.33 -0.370 1061.00	-176.47	22.76 3.300 8.00	0	0	1
길	Path_109	Ground	96,80,58	1639.17 -0.370 1061.83	181.12	23.67 3.300 8.00	0	0	1
길	Path_110	Ground	104,88,64	1617.50 -0.410 1061.50	177.12	23.67 3.300 8.00	0	0	1
길	Path_111	Ground	96,80,58	1595.83 -0.410 1061.17	181.12	23.67 3.300 8.00	0	0	1
길	Path_112	Ground	104,88,64	1574.17 -0.410 1060.83	177.12	23.67 3.300 8.00	0	0	1
길	Path_113	Ground	96,80,58	1552.50 -0.410 1060.50	181.12	23.67 3.300 8.00	0	0	1
길	Path_114	Ground	104,88,64	1530.83 -0.450 1060.17	177.12	23.67 3.300 8.00	0	0	1
길	Path_115	Ground	96,80,58	1516.00 -0.450 1062.00	-151.43	10.94 3.300 8.00	0	0	1
길	Path_116	Ground	104,88,64	2000.83 -1.345 1429.67	-160.20	21.75 3.300 8.00	0	0	1
길	Path_117	Ground	96,80,58	1982.50 -0.735 1437.00	-156.20	21.75 3.300 8.00	0	0	1
길	Path_118	Ground	104,88,64	1964.17 -0.735 1444.33	-160.20	21.75 3.300 8.00	0	0	1
길	Path_119	Ground	96,80,58	1945.83 -0.735 1451.67	-156.20	21.75 3.300 8.00	0	0	1
길	Path_120	Ground	104,88,64	1927.50 -0.450 1459.00	-160.20	21.75 3.300 8.00	0	0	1
길	Path_121	Ground	96,80,58	1909.17 -0.450 1466.33	-156.20	21.75 3.300 8.00	0	0	1
길	Path_122	Ground	104,88,64	1890.00 -0.450 1471.00	-176.29	22.10 3.300 8.00	0	0	1
길	Path_123	Ground	96,80,58	1870.00 -0.495 1473.00	-172.29	22.10 3.300 8.00	0	0	1
길	Path_124	Ground	104,88,64	1850.00 -0.495 1475.00	-176.29	22.10 3.300 8.00	0	0	1
길	Path_125	Ground	96,80,58	1830.00 -0.495 1477.00	-172.29	22.10 3.300 8.00	0	0	1
길	Path_126	Ground	104,88,64	1810.00 -0.495 1479.00	-176.29	22.10 3.300 8.00	0	0	1
길	Path_127	Ground	96,80,58	1790.25 -0.725 1478.75	174.69	21.66 3.300 8.00	0	0	1
길	Path_128	Ground	104,88,64	1770.75 -0.725 1476.25	170.69	21.66 3.300 8.00	0	0	1
길	Path_129	Ground	96,80,58	1751.25 -0.725 1473.75	174.69	21.66 3.300 8.00	0	0	1
길	Path_130	Ground	104,88,64	1731.75 -0.975 1471.25	170.69	21.66 3.300 8.00	0	0	1
길	Path_131	Ground	96,80,58	2700.80 -0.435 666.40	-83.60	22.86 3.300 7.00	0	0	1
길	Path_132	Ground	104,88,64	2702.40 -0.435 687.20	-87.60	22.86 3.300 7.00	0	0	1
길	Path_133	Ground	96,80,58	2704.00 -0.435 708.00	-83.60	22.86 3.300 7.00	0	0	1
길	Path_134	Ground	104,88,64	2705.60 -0.435 728.80	-87.60	22.86 3.300 7.00	0	0	1
길	Path_135	Ground	96,80,58	2707.20 -0.485 749.60	-83.60	22.86 3.300 7.00	0	0	1
길	Path_136	Ground	104,88,64	2709.00 -0.485 769.00	-85.66	20.11 3.300 7.00	0	0	1
길	Path_137	Ground	96,80,58	2711.00 -0.485 787.00	-81.66	20.11 3.300 7.00	0	0	1
길	Path_138	Ground	104,88,64	2713.00 -0.485 805.00	-85.66	20.11 3.300 7.00	0	0	1
길	Path_139	Ground	96,80,58	2715.00 -0.485 823.00	-81.66	20.11 3.300 7.00	0	0	1
길	Stone_0	Slate	88,90,84	2425.00 -1.272 830.00	20.00	4.60 2.645 4.20	0	0	1
길	Stone_1	Slate	98,100,92	2425.00 -1.272 836.50	57.00	4.60 2.645 4.20	0	0	1
길	Stone_2	Slate	88,90,84	2425.00 -1.272 843.00	94.00	4.60 2.645 4.20	0	0	1
길	Stone_3	Slate	98,100,92	2425.00 -0.783 849.50	131.00	4.60 1.665 4.20	0	0	1
길	Stone_4	Slate	88,90,84	2425.00 -1.272 856.00	168.00	4.60 2.645 4.20	0	0	1
길	Causeway_0	Cobblestone	122,118,106	2716.86 -0.500 1309.29	11.37	10.62 1.800 9.00	0	0	1
길	Causeway_1	Cobblestone	110,108,98	2726.57 -1.023 1307.86	6.37	10.62 3.085 9.00	0	0	1
길	Causeway_2	Cobblestone	132,126,112	2736.29 -1.083 1306.43	9.37	10.62 2.965 9.00	0	0	1
길	Causeway_3	Cobblestone	122,118,106	2746.00 -1.083 1305.00	11.37	10.62 2.965 9.00	0	0	1
길	Causeway_4	Cobblestone	110,108,98	2755.71 -1.023 1303.57	6.37	10.62 3.085 9.00	0	0	1
길	Causeway_5	Cobblestone	132,126,112	2765.43 -1.083 1302.14	9.37	10.62 2.965 9.00	0	0	1
길	Causeway_6	Cobblestone	122,118,106	2775.14 -1.083 1300.71	11.37	10.62 2.965 9.00	0	0	1
길	Causeway_7	Cobblestone	110,108,98	2784.38 -1.160 1298.00	22.57	10.42 3.360 9.00	0	0	1
길	Causeway_8	Cobblestone	132,126,112	2793.12 -1.220 1294.00	25.57	10.42 3.240 9.00	0	0	1
길	Causeway_9	Cobblestone	122,118,106	2801.88 -1.157 1290.00	27.57	10.42 3.115 9.00	0	0	1
길	Causeway_10	Cobblestone	110,108,98	2810.62 -1.097 1286.00	22.57	10.42 3.235 9.00	0	0	1
길	Causeway_11	Cobblestone	132,126,112	2819.38 -1.157 1282.00	25.57	10.42 3.115 9.00	0	0	1
길	Causeway_12	Cobblestone	122,118,106	2828.12 -1.157 1278.00	27.57	10.42 3.115 9.00	0	0	1
길	Causeway_13	Cobblestone	110,108,98	2836.88 -1.108 1274.00	22.57	10.42 3.255 9.00	0	0	1
길	Causeway_14	Cobblestone	132,126,112	2845.62 -1.057 1270.00	25.57	10.42 2.915 9.00	0	0	1
길	Causeway_15	Cobblestone	122,118,106	2853.50 -1.057 1265.25	41.16	9.70 2.915 9.00	0	0	1
길	Causeway_16	Cobblestone	110,108,98	2860.50 -0.997 1259.75	36.16	9.70 3.035 9.00	0	0	1
길	Causeway_17	Cobblestone	132,126,112	2867.50 -1.057 1254.25	39.16	9.70 2.915 9.00	0	0	1
길	Causeway_18	Cobblestone	122,118,106	2874.50 -1.057 1248.75	41.16	9.70 2.915 9.00	0	0	1
길	Causeway_19	Cobblestone	110,108,98	2881.50 -0.997 1243.25	36.16	9.70 3.035 9.00	0	0	1
길	Causeway_20	Cobblestone	132,126,112	2888.50 -0.968 1237.75	39.16	9.70 2.735 9.00	0	0	1
길	Causeway_21	Cobblestone	122,118,106	2895.50 -1.057 1232.25	41.16	9.70 2.915 9.00	0	0	1
길	Causeway_22	Cobblestone	110,108,98	2902.50 -0.997 1226.75	36.16	9.70 3.035 9.00	0	0	1
