x x x x x x x x x x x x x x x x x x x x x x x x x x -25 -25 -25 -25 -25 -25 -25 -25 -25 -25 -25 -25 -25 6 6 6 6 6 6 6 6 6 6 6 6 6 6 6 6 6 6 6 5 5 5 5 5 5 6 6 6 9 9 9 9 9 9 9 9 9 9 9 9 9 9 9 6 6 6 6 6 6 6 6 6 6 6 6 6 6 5 5 5 5 5 5 5 5 5 5 5 5 -11 -13 -13 -13 -13 -13 -13 -13 -13 -13 -13 -13 -13 -13 -13 -13 -13 -13 -28 -27 -27 -27 -13 -13 -13 -13 -13 -13 -13 -13 -13 4 4 4 4 4 6 6 6 6 6 6 6 6 8 8 8 8 8 8 8 8 8 8 8 8 8 8 8 8 8 8 8 8 5 7 7 7 7 7 7 9 9 9 9 9 9 9 9 9 9 9 10 10 10 10 10 10 10 10 10 10 10 10 10 10 10 10 10 10 10 10 8 8 8 8 8 8 8 8 8 8 8 8 8 8 8 8 8 8 8 9 9 9 9 9 9 9 9 9 9 9 9 9 9 9 3 3 3 3 3 3 3 3 4 4 4 4 4 4 4 4 4 4 4 4 4 4 4 4 4 4 4 4 4 4 4 4 4 10 10 10 10 10 10 10 10 10 10 10 10 10 10 10 10 10 10 10 10 9 9 9 6 6 6 6 6 6 6 4 10 10 10 10 10 10 10 10 10 10 10 10 6 6 6 6 6 6 6 6 8 8 8 8 8 8 8 8 8 8 8 8 8 9 9 9 9 9 9 9 9 9 9 9 10 10 10 10 10 10 10 10 10 10 10 10 10 10 10 10 10 10 10 10 10 10 9 9 9 9 9 9 9 9 7 7 7 7 7 24 24 24 24 24 24 24 24 24 24 24 24 24 24 24 24 43 43 43 43 43 43 43 43 43 43 43 43 48 48 48 48 48 48 48 48 48 48 48 48 48 48 48 48 48 48 48 48 48 48 48 29 29 29 29 29 29 29 29 29 16 16 16 16 16 16 16 16 16 16 16 -14 -14 -14 -14 -14 -14 -14 -14 -14 -14 -14 -14 -14 -22 -22 -22 -22 -22 -22 -22 -22 -22 -22 -22 -22 x x x
x x x x x x x x x x x x x x x x x x x x x x x x x x x -25 -25 -25 -25 -25 -25 -25 -25 -25 -25 -25 -25 -25 1 6 6 6 6 6 6 6 6 6 6 6 6 6 6 6 6 5 5 5 5 5 5 5 5 5 9 9 9 9 9 9 9 9 9 9 9 9 9 9 9 9 9 6 6 6 6 6 6 6 6 6 6 6 6 5 5 5 5 5 5 5 5 5 5 5 5 -11 -11 -13 -13 -13 -13 -13 -13 -13 -13 -13 -13 -13 -13 -13 -13 -13 -13 -28 -28 -27 -27 -27 -13 -13 -13 -13 -13 -13 -13 -13 -13 4 4 4 4 4 4 6 6 6 6 6 6 8 8 8 8 8 8 8 8 8 8 8 8 8 8 8 8 8 8 8 8 7 7 7 7 7 7 7 7 9 9 9 9 9 9 9 9 9 9 9 10 10 10 10 10 10 10 10 10 10 10 10 10 10 10 10 10 10 10 10 8 8 8 8 8 8 8 8 8 8 8 8 8 8 8 8 8 8 9 9 9 9 9 9 9 9 9 9 9 9 9 9 9 9 9 9 3 3 3 3 3 3 4 4 4 4 4 4 4 4 4 4 4 4 4 4 4 4 4 4 4 4 4 4 4 4 4 10 10 10 10 10 10 10 10 10 10 10 10 10 10 10 10 10 10 10 10 9 9 9 6 6 6 6 6 6 6 10 10 10 10 10 10 10 10 10 10 10 10 10 10 6 6 6 6 6 6 6 6 6 8 8 8 8 8 8 8 8 8 8 8 9 9 9 9 9 9 9 9 9 9 9 9 10 10 10 10 10 10 10 10 10 10 10 10 10 10 10 10 10 10 10 10 9 9 9 9 9 9 9 9 7 7 7 7 7 7 13 13 13 24 24 24 24 24 24 24 24 24 24 24 24 24 24 43 43 43 43 43 43 43 43 43 43 43 43 48 48 48 48 48 48 48 48 48 48 48 48 48 48 48 48 48 48 48 48 48 48 48 29 29 29 29 29 29 29 16 16 16 16 16 16 16 16 16 16 16 -14 -14 -14 -14 -14 -14 -14 -14 -14 -14 -14 -14 -14 -14 -14 -22 -22 -22 -22 -22 -22 -22 -22 -22 -22 x x x x
x x x x x x x x x x x x x x x x x x x x x x x x x x x x -25 -25 -25 -25 -25 -25 -25 -25 -25 -25 -25 -25 1 1 1 6 6 6 6 6 6 6 6 6 6 6 6 6 6 5 5 5 5 5 5 5 9 9 9 9 9 9 9 9 9 9 9 9 9 9 9 9 9 9 9 9 6 6 6 6 6 6 6 6 6 6 6 5 5 5 5 5 5 5 5 5 5 5 -11 -11 -11 -13 -13 -13 -13 -13 -13 -13 -13 -13 -13 -13 -13 -13 -13 -28 -28 -28 -28 -27 -27 -13 -13 -13 -13 -13 -13 -13 -13 -13 -13 -13 4 4 4 4 4 4 6 6 6 6 6 8 8 8 8 8 8 8 8 8 8 8 8 8 8 8 8 8 8 8 8 7 7 7 7 7 7 7 9 9 9 9 9 9 9 9 9 9 9 9 10 10 10 10 10 10 10 10 10 10 10 10 10 10 10 10 10 10 10 10 8 8 8 8 8 8 8 8 8 8 8 8 8 8 8 8 8 9 9 9 9 9 9 9 9 9 9 9 9 9 9 9 9 9 9 9 9 3 3 3 3 3 4 4 4 4 4 4 4 4 4 4 4 4 4 4 4 4 4 4 4 4 4 4 4 4 4 10 10 10 10 10 10 10 10 10 10 10 10 10 10 10 10 10 10 10 10 9 9 9 6 6 6 6 6 6 10 10 10 10 10 10 10 10 10 10 10 10 10 10 10 10 6 6 6 6 6 6 6 6 6 8 8 8 8 8 8 8 8 8 8 9 9 9 9 9 9 9 9 9 9 9 9 9 10 10 10 10 10 10 10 10 10 10 10 10 10 10 10 10 10 10 9 9 9 9 9 9 9 9 7 7 7 7 7 7 7 13 13 13 13 13 24 24 24 24 24 24 24 24 24 24 24 24 24 43 43 43 43 43 43 43 43 43 43 43 48 48 48 48 48 48 48 48 48 48 48 48 48 48 48 48 48 48 48 48 48 48 48 29 29 29 29 29 29 29 16 16 16 16 16 16 16 16 16 8 8 -14 -14 -14 -14 -14 -14 -14 -14 -14 -14 -14 -14 -14 -14 -14 -22 -22 -22 -22 -22 -22 -22 -22 x x x x x x
x x x x x x x x x x x x x x x x x x x x x x x x x x x -25 -25 -25 -25 -25 -25 -25 -25 -25 -25 -25 -25 -25 1 1 1 1 1 6 6 6 6 6 6 6 6 6 6 6 5 5 5 5 5 5 5 9 9 9 9 9 9 9 9 9 9 9 9 9 9 9 9 9 9 9 9 9 6 6 6 6 6 6 6 6 6 6 6 5 5 5 5 5 5 5 5 5 5 -11 -11 -11 -11 -11 -13 -13 -13 -13 -13 -13 -13 -13 -13 -13 -25 -25 -25 -25 x x x -27 -27 -13 -13 -13 -13 -13 -13 -13 -13 -13 -13 -13 4 4 4 4 4 4 4 6 6 6 6 8 8 8 8 8 8 8 8 8 8 8 8 8 8 8 8 8 8 8 8 7 7 7 7 7 7 7 9 9 9 9 9 9 9 9 9 9 9 9 10 10 10 10 10 10 10 10 10 10 10 10 10 10 10 10 10 10 10 10 8 8 8 8 8 8 8 8 8 8 8 8 8 8 8 8 9 9 9 9 9 9 9 9 9 9 9 9 9 9 9 9 9 9 9 9 9 9 3 3 3 3 4 4 4 4 4 4 4 4 4 4 4 4 4 4 4 4 4 4 4 4 4 4 4 4 10 10 10 10 10 10 10 10 10 10 10 10 10 10 10 10 10 10 10 10 10 9 9 6 6 6 6 6 6 10 10 10 10 10 10 10 10 10 10 10 10 10 10 10 10 10 10 10 6 6 6 6 6 6 6 5 8 8 8 8 8 8 8 8 8 9 9 9 9 9 9 9 9 9 9 9 9 9 10 10 10 10 10 10 10 10 10 10 10 10 10 10 10 10 10 9 9 9 9 9 9 9 9 9 7 7 7 7 7 7 7 13 13 13 13 13 13 13 24 24 24 24 24 24 24 24 24 24 24 24 16 43 43 43 43 43 43 43 43 43 48 48 48 48 48 48 48 48 48 48 48 48 48 48 48 48 48 48 48 48 48 48 48 29 29 29 29 29 29 16 16 16 16 16 16 16 16 8 8 8 8 8 -14 -14 -14 -14 -14 -14 -14 -14 -14 -14 -14 -14 -14 -14 -22 -22 -22 -22 -22 -22 -22 x x x x x x x
x x x x x x x x x x x x x x x x x x x x x x x x x x -25 -25 -25 -25 -25 -25 -25 -25 -25 -25 -25 -25 -25 -25 1 1 1 1 1 1 1 6 6 6 6 6 6 6 6 6 5 5 5 5 5 9 9 9 9 9 9 9 9 9 9 9 9 9 9 9 9 9 9 9 9 9 9 9 9 6 6 6 6 6 6 6 6 6 6 6 5 5 5 5 5 5 5 5 -11 -11 -11 -11 -11 -11 -13 -13 -13 -13 -13 -13 -13 -13 -25 -25 -25 -25 -25 x x x x -27 -27 -13 -13 -13 -13 -13 -13 -13 -13 -13 -13 -13 -13 4 4 4 4 4 4 4 4 6 6 6 7 7 8 8 8 8 8 8 8 8 8 8 8 8 8 8 8 8 7 7 7 7 7 7 7 9 9 9 9 9 9 9 9 9 9 9 9 9 10 10 10 10 10 10 10 10 10 10 10 10 10 10 10 10 10 10 10 10 8 8 8 8 8 8 8 8 8 8 8 8 8 8 8 8 9 9 9 9 9 9 9 9 9 9 12 9 9 9 9 9 9 9 9 9 9 9 9 9 3 3 4 4 4 4 4 4 4 4 13 4 4 4 4 4 4 4 4 4 4 4 4 4 4 4 4 10 10 10 10 10 10 10 10 10 10 10 10 10 10 10 10 10 10 10 9 9 9 6 6 6 6 6 10 10 10 10 10 10 10 10 10 10 10 10 10 10 10 10 10 10 10 10 10 6 6 6 6 6 5 5 5 5 8 8 8 8 8 8 8 9 9 9 9 9 9 9 9 9 9 9 9 9 9 10 10 10 10 10 10 10 10 10 10 10 10 10 10 7 7 9 9 9 9 9 9 9 9 7 7 7 7 7 7 7 7 7 13 13 13 13 13 13 13 13 24 24 24 24 24 24 24 24 24 24 16 16 43 43 43 43 43 43 43 43 48 48 48 48 48 48 48 48 48 48 48 48 48 48 48 48 48 48 48 29 29 29 29 29 29 29 29 29 29 16 16 16 16 16 16 16 8 8 8 8 8 8 -14 -14 -14 -14 -14 -14 -14 -14 -14 -14 -14 -14 -14 -14 -22 -22 -22 -22 -22 x x x x x x x x x
x x x x x x x x x x x x x x x x x x x x x x x x x -25 -25 -25 -25 -25 -25 -25 -25 -25 -25 -25 -25 -25 -25 1 1 1 1 1 1 1 1 1 1 6 6 6 6 6 6 5 5 5 5 5 9 9 9 9 9 9 9 9 9 9 9 9 9 9 9 9 9 9 9 9 9 9 9 9 9 9 6 6 6 6 6 6 6 6 6 6 6 5 5 5 5 5 5 -11 -11 -11 -11 -11 -11 -11 -13 -13 -13 -13 -13 -13 -25 -25 -25 -25 -25 -25 -25 x x x x -27 -27 -13 -13 -13 -13 -13 -13 -13 -13 -13 -13 -13 -13 4 4 4 4 4 4 4 4 4 6 6 7 7 7 7 7 8 8 8 8 8 8 8 8 8 8 8 8 8 7 7 7 7 7 7 7 9 9 9 9 9 9 9 9 9 9 9 9 9 10 10 10 10 10 10 10 10 10 10 10 10 10 10 10 10 10 10 10 10 8 8 8 8 8 8 8 8 8 8 8 8 8 8 8 9 9 9 9 9 9 9 9 9 9 12 12 12 9 9 9 9 9 9 9 9 9 9 9 9 9 3 4 4 4 4 4 4 4 13 13 13 4 4 4 4 4 4 4 4 4 4 4 4 4 4 4 9 9 9 9 9 9 10 10 10 10 10 10 10 10 10 10 10 10 10 9 9 9 6 6 6 6 10 10 10 10 10 10 10 10 10 10 10 10 10 10 10 10 10 10 10 10 10 10 10 6 6 6 5 5 5 5 5 5 8 8 8 8 8 8 9 9 9 9 9 9 9 4 4 4 4 4 5 5 5 10 10 10 10 10 10 10 10 10 10 10 10 7 7 7 7 9 9 9 9 9 9 7 7 7 7 7 7 7 7 7 7 13 13 13 13 13 13 13 13 13 13 24 24 24 24 24 24 24 24 16 16 16 43 43 43 43 43 43 43 48 48 48 48 48 48 48 48 48 48 48 48 48 48 18 18 18 18 18 18 15 15 29 29 29 29 29 29 29 16 16 16 16 16 8 8 8 8 8 8 8 8 -14 -14 -14 -14 -14 -14 -14 -14 -14 -14 -14 -14 -14 -14 -22 -22 -22 x x x x x x x x x x x
x x x x x x x x x x x x x x x x x x x x x x x -25 -25 -25 -25 -25 -25 -25 -25 -25 -25 -25 -25 -25 -25 -25 -25 1 1 1 1 1 1 1 1 1 1 1 1 6 6 6 6 5 5 5 5 5 5 9 9 9 9 9 9 9 9 9 9 9 9 9 9 9 9 9 9 9 9 9 9 9 9 9 6 6 6 6 6 6 6 6 6 6 6 6 5 5 5 5 -11 -11 -11 -11 -11 -11 -11 -11 -13 -13 -13 -25 -25 -25 -25 -25 -25 -25 -25 -25 x x x x x -27 -27 -27 -27 -27 -27 -27 -27 -27 -27 -27 -27 -27 -27 4 4 4 4 4 4 4 4 4 4 7 7 7 7 7 7 7 7 7 8 8 8 8 8 8 8 8 8 8 7 7 7 7 7 7 7 9 9 9 9 9 9 9 9 9 9 9 9 9 10 10 10 10 10 10 10 10 10 10 10 10 10 10 10 10 10 10 10 10 9 8 8 8 8 8 8 8 8 8 8 8 8 8 9 9 9 9 9 9 9 9 9 9 12 12 12 12 12 9 9 9 9 9 9 9 9 9 9 9 3 3 4 4 4 4 4 4 13 13 13 13 13 4 4 4 4 4 4 4 4 8 8 8 4 4 4 9 9 9 9 9 9 9 9 9 9 9 10 10 10 10 10 10 10 10 9 9 9 6 6 6 10 10 10 10 10 10 10 10 10 10 10 10 10 10 10 10 10 10 10 10 10 10 10 10 10 6 5 5 5 5 5 5 5 5 8 8 8 8 8 4 4 4 4 4 4 4 4 4 4 4 5 5 5 5 5 10 10 10 10 10 10 10 10 10 10 7 7 7 7 7 7 9 9 9 9 7 7 7 7 7 7 7 7 7 7 7 13 13 13 13 13 13 13 13 13 13 13 16 16 24 24 24 24 16 16 16 16 16 16 43 43 43 43 43 43 48 48 48 48 48 48 48 48 18 18 18 18 18 18 18 18 18 18 18 15 15 15 15 15 29 29 29 15 15 16 16 8 8 8 8 8 8 8 8 8 8 -14 -14 -14 -14 -14 -14 -14 -14 -14 -14 -14 -22 -22 -22 -22 -22 x x x x x x x x x x x x
x x x x x x x x x x x x x x x x x x x x x x -25 -25 -25 -25 -25 -25 -25 -25 -25 -25 -25 -25 -23 -25 -25 -25 -25 1 1 1 1 1 1 1 1 1 1 1 1 1 5 6 5 5 5 5 5 5 5 9 9 9 9 9 9 9 9 9 9 9 9 9 9 9 9 9 9 9 9 9 9 9 9 9 9 6 6 6 6 6 6 6 6 6 6 6 5 5 5 -11 -11 -11 -11 -11 -11 -11 -11 -11 -13 -25 -25 -25 -25 -25 -25 -25 -25 -25 -25 -25 x x x x x -27 -27 -27 -27 -27 -27 -27 -27 -27 -27 -27 -27 -27 -27 -27 4 4 4 4 4 4 4 4 4 7 7 7 7 7 7 7 7 7 7 7 7 8 8 8 8 8 8 7 7 7 7 7 7 7 9 9 9 9 9 9 9 9 9 9 9 9 9 9 9 9 9 9 9 9 9 9 9 9 9 9 9 9 9 9 9 9 9 9 9 9 8 8 8 8 8 8 8 8 8 8 8 9 9 9 9 9 9 9 9 9 9 12 12 12 12 12 12 12 9 9 9 9 9 9 9 9 9 18 3 3 4 4 4 4 4 4 13 13 13 13 13 13 4 4 4 4 4 4 4 8 8 8 8 8 4 9 9 9 9 9 9 9 9 9 9 9 9 9 9 9 9 10 10 10 9 9 9 6 6 10 10 10 10 10 10 10 10 10 10 10 10 10 10 10 10 10 10 10 10 10 10 10 10 10 6 5 5 5 5 5 5 5 5 5 4 4 8 8 4 4 4 4 4 4 4 4 4 4 4 4 5 5 5 5 5 10 10 10 10 10 10 10 10 7 7 7 7 7 7 7 7 7 7 9 9 7 7 7 7 7 7 7 7 7 6 6 6 13 13 13 13 13 13 13 13 13 13 13 16 16 16 24 24 16 16 16 16 16 16 16 43 43 43 43 43 48 48 48 48 18 18 18 18 18 18 18 18 18 18 18 18 18 18 18 18 15 15 15 15 15 15 15 15 15 8 8 8 8 8 8 8 8 8 8 8 8 8 -14 -14 -14 -14 -24 -24 -24 -24 -24 -22 -22 -22 -22 -24 x x x x x x x x x x x x x
x x x x x x x x x x x x x x x x x x x x x x -25 -25 -25 -25 -25 -25 -25 -25 -25 -25 -25 -25 -23 -23 -23 -25 -25 1 1 1 1 1 1 1 1 1 1 1 1 1 5 5 5 5 5 5 5 5 5 5 9 9 9 9 9 9 9 9 9 9 9 9 9 9 9 9 9 9 9 9 9 9 9 9 9 9 6 6 6 6 6 6 6 6 6 6 6 5 -11 -11 -11 -11 -11 -11 -11 -11 -11 -11 -25 -25 -25 -25 -25 -25 -25 -25 -25 -25 -25 x x x x x x -27 -27 -27 -27 -27 -27 -27 -27 -27 -27 -27 -27 -27 -27 -27 4 4 4 4 4 4 4 4 4 7 7 7 7 7 7 7 7 7 7 7 7 7 7 7 8 8 8 7 7 7 7 7 7 7 9 9 9 9 9 9 9 9 9 9 9 9 9 9 9 9 9 9 9 9 9 9 9 9 9 9 9 9 9 9 9 9 9 9 9 9 8 8 8 8 8 8 8 8 8 8 8 9 9 9 9 9 9 9 9 9 12 12 12 12 12 12 12 12 12 12 9 9 9 9 9 9 18 18 18 3 4 4 4 4 4 13 13 13 13 13 13 13 13 13 4 4 4 4 8 8 8 8 8 8 8 9 9 9 9 9 9 9 9 9 9 9 9 9 9 9 9 9 9 9 9 9 6 6 10 10 10 10 10 10 10 10 10 10 10 10 10 10 10 10 10 10 10 10 10 10 10 10 10 10 5 5 5 5 5 5 5 5 5 5 5 4 4 4 4 4 4 4 4 4 4 4 4 4 4 5 5 5 9 5 5 5 10 10 10 10 10 10 7 7 7 7 7 7 7 7 7 7 7 7 7 7 7 7 7 7 7 7 7 6 6 6 6 13 13 13 13 13 13 13 13 13 13 13 16 16 16 16 16 16 16 16 16 16 16 16 16 16 43 43 43 18 18 18 18 18 18 18 18 18 18 18 18 18 18 18 18 18 18 18 18 15 15 15 15 15 15 15 15 15 15 8 8 8 8 8 8 8 8 8 8 8 8 -24 -24 -24 -24 -24 -24 -24 -24 -24 -22 -22 -22 -24 -24 x x x x x x x x x x x x x
x x x x x x x x x x x x x x x x x x x x x x x -25 -25 -25 -25 -25 -25 -25 -25 -25 -25 -23 -23 -23 -23 -23 -23 1 1 1 1 1 1 1 1 1 1 1 1 1 5 5 5 5 5 5 5 5 5 5 5 9 9 9 9 9 9 9 9 9 9 9 9 9 9 9 9 9 9 9 9 9 9 9 9 9 6 6 6 6 6 6 6 6 6 6 6 6 -11 -11 -11 -11 -11 -11 -11 -11 -11 -11 -25 -25 -25 -25 -25 -25 -25 -25 -25 -25 -25 x x x x x x -27 -27 -27 -27 -27 -27 -27 -27 -27 -27 -27 -27 -27 -27 -27 -27 4 4 4 4 4 4 4 7 7 7 7 7 8 7 7 7 7 7 7 7 7 7 7 7 7 7 7 7 7 7 7 7 9 9 9 9 9 9 9 9 9 9 9 9 9 9 9 9 9 9 9 9 9 9 9 9 9 9 9 9 9 9 9 9 9 9 9 9 9 8 8 8 8 8 8 8 8 8 8 9 9 9 9 9 9 9 9 9 12 12 12 12 12 12 12 12 12 12 12 12 9 9 9 18 18 18 18 18 18 4 4 4 4 13 13 13 13 13 13 13 13 13 13 13 4 4 4 8 8 8 8 8 8 9 9 9 9 9 9 9 9 9 9 9 9 9 9 9 9 9 9 9 9 9 9 6 6 6 10 10 10 10 10 10 10 10 10 10 10 10 10 10 10 10 10 10 10 10 10 10 10 10 8 8 5 5 5 5 5 5 5 5 5 5 4 4 4 4 4 4 4 4 4 4 4 4 4 4 5 9 9 9 9 5 5 5 10 10 10 10 7 7 7 7 7 7 7 7 7 7 7 7 7 7 7 7 7 7 7 7 7 7 6 6 6 6 13 13 13 13 13 13 13 13 13 13 13 13 16 16 16 16 16 16 16 16 16 16 16 16 16 16 43 18 18 18 18 18 18 18 18 18 18 18 18 18 18 18 18 18 18 18 18 18 18 15 15 15 15 15 15 15 15 15 8 8 8 8 8 8 8 8 8 8 8 8 -24 -24 -24 -24 -24 -24 -24 -24 -24 -24 -24 -24 -24 -24 x x x x x x x x x x x x x
x x x x x x x x x x x x x x x x x x x x x x x x -25 -25 -25 -25 -25 -25 -25 -25 -23 -23 -23 -23 -23 -23 -23 1 1 1 1 1 1 1 1 1 1 1 1 1 5 5 5 5 5 5 5 5 5 5 5 9 9 9 9 9 9 9 9 9 9 9 9 9 9 9 9 9 9 9 9 9 9 9 9 9 9 6 6 6 6 6 6 6 6 6 6 6 6 -11 -11 -11 -11 -11 -11 -11 -11 -11 -25 -25 -25 -25 -25 -25 -25 -25 -25 -25 x x x x x x x -27 -27 -27 -27 -27 -27 -27 -27 -27 -27 -27 -27 -27 -27 0 0 4 4 4 4 4 4 4 7 7 7 7 7 8 8 8 7 7 7 7 7 7 7 7 7 7 7 7 7 7 7 7 7 9 9 9 9 9 9 9 9 9 9 9 9 9 9 9 9 9 9 9 9 9 9 9 9 9 9 9 9 9 9 9 9 9 9 9 9 8 8 8 8 8 8 8 8 8 8 9 9 9 9 9 9 9 9 9 12 12 12 12 12 12 12 12 12 12 12 12 12 12 9 18 18 18 18 18 18 18 18 4 4 13 13 13 13 13 13 13 13 13 13 13 13 13 4 4 8 8 8 8 8 8 9 9 9 9 9 9 9 9 9 9 9 9 9 9 9 9 9 9 9 9 9 9 6 6 6 6 10 10 10 10 10 10 10 10 10 10 10 10 10 10 10 10 10 10 10 10 10 10 8 8 8 8 8 8 8 8 5 5 5 5 5 4 4 4 4 4 4 4 4 4 4 4 4 4 9 9 9 9 9 9 5 5 5 5 10 10 7 7 7 7 7 7 7 7 7 7 7 7 7 7 7 7 7 7 7 7 7 7 6 6 6 6 6 6 13 13 13 13 13 13 13 13 13 13 13 13 16 16 16 16 16 16 16 16 16 16 16 16 16 16 18 18 18 18 18 18 18 18 18 18 18 18 18 18 18 18 18 18 18 18 18 18 15 15 15 15 15 15 15 15 15 15 8 8 8 8 8 8 8 8 8 8 8 -24 -24 -24 -24 -24 -24 -24 -24 -24 -24 -24 -24 -24 x x x x x x x x x x x x x x
x x x x x x x x x x x x x x x x x x x x x x x x x -25 -25 -25 -25 -25 -25 -25 -23 -23 -23 -23 -23 -23 -23 1 1 1 1 1 1 1 1 1 1 1 1 1 5 5 5 5 5 5 5 5 7 7 7 7 9 9 9 9 9 9 9 9 9 9 9 9 9 9 9 9 9 9 9 9 9 9 9 9 6 6 6 6 6 6 6 6 6 6 6 6 6 -11 -11 -11 -11 -11 -11 -11 -11 -11 -25 -25 -25 -25 -25 -25 -25 -25 -25 -25 x x x x x x x -27 -27 -27 -27 -27 -27 -27 -27 -27 -27 -27 -27 -27 -27 0 0 0 4 4 4 4 4 7 7 7 7 7 8 8 8 8 8 8 8 7 7 7 7 7 7 7 7 7 7 7 7 7 9 9 9 9 9 9 9 9 9 9 9 9 9 9 9 9 9 9 9 9 9 9 9 9 9 9 9 9 9 9 9 9 9 9 9 8 8 8 8 8 8 8 8 8 8 8 9 9 9 9 9 9 9 9 9 9 12 12 12 12 12 12 12 12 12 12 12 12 12 12 18 18 18 18 18 18 18 18 18 18 13 13 13 13 13 13 13 13 13 13 13 13 13 13 13 8 8 8 8 8 8 8 9 9 9 9 9 9 9 9 9 9 9 9 9 9 9 9 9 9 9 9 9 9 6 6 6 6 6 6 10 10 10 10 10 10 10 10 10 10 10 10 10 10 10 10 10 10 10 8 8 8 8 8 8 8 8 8 8 8 8 8 8 8 4 4 4 4 4 4 4 4 4 4 9 9 9 9 9 9 9 9 9 5 5 5 5 5 7 7 7 7 7 9 9 9 9 9 9 7 7 7 7 7 7 7 7 7 7 7 6 6 6 6 6 6 13 13 13 13 13 13 13 13 13 13 13 13 16 16 16 16 16 16 16 16 16 16 16 16 16 16 18 18 18 18 18 18 18 18 18 18 18 18 18 18 18 18 18 18 18 18 18 18 18 15 15 15 15 15 15 15 15 15 8 8 8 8 8 8 8 8 8 8 8 8 -24 -24 -24 -24 -24 -24 -24 -24 -24 -24 -24 -24 x x x x x x x x x x x x x x
x x x x x x x x x x x x x x x x x x x x x x x x x x -25 -25 -25 -25 -25 -23 -23 -23 -23 -23 -23 -23 1 1 1 1 1 1 1 1 1 1 1 1 1 1 5 5 5 5 5 7 7 7 7 7 7 7 7 9 9 9 9 9 9 9 9 9 9 9 9 9 9 9 9 9 9 9 9 9 9 6 6 6 6 6 6 6 6 6 6 6 6 6 -11 -11 -11 -11 -11 -11 -11 -11 -11 -11 -25 -25 -25 -25 -25 -25 -25 -25 -25 x x x x x x x x -27 -27 -27 -27 -27 -27 -27 -27 -27 -27 -27 -27 -27 -27 0 0 0 4 4 4 4 4 7 7 7 7 7 8 8 8 8 8 8 8 8 8 8 7 7 7 7 7 7 7 7 7 7 9 9 9 9 9 9 9 9 9 9 9 9 9 9 9 9 9 9 9 9 9 9 9 9 9 9 9 9 9 9 9 9 9 9 8 8 8 8 8 8 8 8 8 8 8 9 9 9 9 9 9 9 9 9 9 12 12 12 12 12 12 12 12 12 12 12 12 12 12 18 18 18 18 18 18 18 18 18 18 18 13 13 13 13 13 13 13 13 13 13 13 13 13 13 13 13 13 8 8 8 8 8 9 9 9 9 9 9 9 9 9 9 9 9 9 9 9 9 9 9 9 9 9 6 6 6 6 6 6 6 6 10 10 10 10 10 10 10 10 10 10 10 10 10 10 10 10 10 8 8 8 8 8 8 8 8 8 8 8 8 8 8 8 5 4 4 4 4 4 4 4 4 9 9 9 9 9 9 9 9 9 9 9 5 5 5 5 5 9 9 9 9 9 9 9 9 9 9 9 7 7 7 7 7 7 7 7 7 7 7 6 6 6 6 6 6 13 13 13 13 13 13 13 13 13 13 13 13 13 16 16 16 16 16 16 16 16 16 16 16 16 16 16 18 18 18 18 18 18 18 18 18 18 18 18 18 18 18 18 18 18 18 18 18 18 15 15 15 15 15 15 15 15 15 15 8 8 8 8 8 8 8 8 8 8 8 -24 -24 -24 -24 -24 -24 -24 -24 -24 -24 -24 -24 -28 x x x x x x x x x x x x x
x x x x x x x x x x x x x x x x x x x x x x x x x x x -25 -25 -25 -25 -23 -23 -23 -23 -23 -23 -23 1 1 1 1 1 1 1 1 1 1 1 1 1 1 5 7 7 7 7 7 7 7 7 7 7 7 7 9 9 9 9 9 9 9 9 9 9 9 9 9 9 9 9 9 9 9 9 9 9 6 6 6 6 6 6 6 6 6 6 6 6 -11 -11 -11 -11 -11 -11 -11 -11 -11 -11 -11 -25 -25 -25 -25 -25 -25 -25 -25 -25 x x x x x x x x -27 -27 -27 -27 -27 -27 -27 -27 -27 -27 -27 -27 -27 -27 0 0 0 4 4 4 4 4 7 7 7 7 7 8 8 8 8 8 8 8 8 8 8 8 8 7 7 7 7 7 7 7 7 7 9 9 9 9 9 9 9 9 9 9 9 9 9 9 9 9 9 9 9 9 9 9 9 9 9 9 9 9 9 9 9 9 8 8 8 8 8 8 8 8 8 8 9 9 9 9 9 9 9 9 9 9 9 12 12 12 12 12 12 12 12 12 12 12 12 12 12 18 18 18 18 18 18 18 18 18 18 18 18 18 13 13 13 13 13 13 13 13 13 13 13 13 13 13 13 13 13 8 8 8 9 9 9 9 9 9 9 9 9 9 9 9 9 9 9 9 9 9 9 9 9 9 6 6 6 6 6 6 6 6 6 10 10 10 10 10 10 10 10 10 10 10 10 10 10 10 8 8 8 8 8 8 8 8 8 8 8 8 8 8 8 8 4 4 4 4 4 4 4 9 9 9 9 9 9 9 9 9 9 9 9 9 9 9 9 9 9 9 9 9 9 9 9 9 9 9 9 9 7 7 7 7 7 7 7 7 7 7 6 6 6 6 6 6 6 13 13 13 13 13 13 13 13 13 13 13 13 13 13 16 16 16 16 16 16 16 16 16 16 16 16 16 18 18 18 18 18 18 18 18 18 18 18 18 18 18 18 18 18 18 18 18 18 18 15 15 15 15 15 15 15 15 15 15 8 8 8 8 8 8 8 8 8 8 8 -24 -24 -24 -24 -24 -24 -24 -24 -24 -24 -24 -24 -28 -28 x x x x x x x x x x x x
x x x x x x x x x x x x x x x x x x x x x x x x x x x x -25 -25 -23 -23 -23 -23 -23 -23 -23 -23 1 1 1 1 1 1 1 1 1 1 1 1 1 5 7 7 7 7 7 7 7 7 7 7 7 7 7 7 9 9 9 9 9 9 9 9 9 9 9 9 9 9 9 9 9 9 9 9 9 6 6 6 6 6 6 6 6 6 6 -11 -11 -11 -11 -11 -11 -11 -11 -11 -11 -11 -11 -11 -25 -25 -25 -25 -25 -25 -25 -25 x x x x x x x x x -27 -27 -27 -27 -27 -27 -27 -27 -27 -27 -27 -27 -27 -27 0 0 0 0 4 4 4 7 7 7 7 7 8 8 8 8 8 8 8 8 8 8 8 8 8 8 8 8 7 7 7 7 7 7 7 7 7 9 9 9 9 9 9 9 9 9 9 9 9 9 9 9 9 9 9 9 9 9 9 9 9 9 9 9 8 8 8 8 8 8 8 8 8 8 8 9 9 9 9 9 9 9 9 9 9 9 12 12 12 12 12 12 12 12 12 12 12 12 12 18 18 18 18 18 18 18 18 18 18 18 18 18 18 18 18 13 13 13 13 13 13 13 13 13 13 13 13 13 13 13 13 13 8 8 9 9 9 9 9 9 9 9 9 9 9 9 9 9 9 9 9 9 9 9 9 9 6 6 6 6 6 6 6 6 6 6 10 10 10 10 10 10 10 10 10 10 10 10 10 8 8 8 8 8 8 8 8 8 8 8 8 8 8 8 8 8 4 4 4 4 4 9 9 9 9 9 9 9 9 9 9 9 9 9 9 9 9 9 9 9 9 9 9 9 9 9 9 9 9 9 9 9 7 7 7 7 7 7 7 7 7 7 6 6 6 6 6 6 6 6 13 13 13 13 13 13 13 13 13 13 13 13 13 16 16 16 16 16 16 16 16 16 16 16 16 16 18 18 18 18 18 18 18 18 18 18 18 18 18 18 18 18 18 18 18 18 18 18 15 15 15 15 15 15 15 15 15 8 8 8 8 8 8 8 8 8 8 8 -24 -24 -24 -24 -24 -24 -24 -24 -24 -24 -24 -24 -24 -28 x x x x x x x x x x x x x
x x x x x x x x x x x x x x x x x x x x x x x x x x x x x -23 -23 -23 -23 -23 -23 -23 -23 -23 1 1 1 1 1 1 1 1 1 1 1 1 1 5 7 7 7 7 7 7 7 7 7 7 7 7 7 7 9 9 9 9 9 9 9 9 9 9 9 9 9 9 9 9 9 9 9 9 9 6 6 6 6 6 6 6 6 6 0 0 -11 -11 -11 -11 -11 -11 -11 -11 -11 -11 -11 -11 -11 -25 -25 -25 -25 -25 -25 -25 x x x x x x x x x -27 -27 -27 -27 -27 -27 -27 -27 -27 -27 -27 -27 -27 -27 0 0 0 0 4 4 4 7 7 7 7 7 8 8 8 8 8 8 8 8 8 8 8 8 8 8 8 8 8 8 8 7 7 7 7 7 7 7 7 9 9 9 9 9 9 9 9 9 9 9 9 9 9 5 9 9 9 9 9 9 9 9 9 5 5 8 8 8 8 8 8 8 8 9 9 9 9 9 9 9 9 9 9 9 9 12 12 12 12 12 12 12 12 12 12 12 12 12 18 18 18 18 18 18 18 18 18 18 18 18 18 18 18 18 18 18 13 13 13 13 13 13 13 13 13 13 13 13 13 13 13 13 13 13 9 9 9 9 9 9 9 9 9 9 9 9 9 9 9 9 9 9 9 9 9 9 6 6 6 6 6 6 6 6 6 6 6 10 10 10 10 10 10 10 10 10 10 10 8 8 8 8 8 8 8 8 8 8 8 8 8 8 8 8 8 8 4 4 4 9 9 9 9 9 9 9 9 9 9 9 9 9 9 9 9 9 9 9 9 9 9 9 9 9 9 9 9 9 9 9 9 9 7 7 7 7 7 7 7 7 7 7 6 6 6 6 6 6 6 6 13 13 13 13 13 13 13 13 13 13 13 13 13 13 16 16 16 16 16 16 16 16 16 16 16 16 16 18 18 18 18 18 18 18 18 18 18 18 18 18 18 18 18 18 18 18 15 15 15 15 15 15 15 15 15 9 8 8 8 8 8 8 8 8 8 3 3 3 -24 -24 -24 -24 -24 -24 -24 -24 -24 -24 -24 -24 -24 -28 x x x x x x x x x x x x x
x x x x x x x x x x x x x x x x x x x x x x x x x x x x x -23 -23 -23 -23 -23 -23 -23 -23 -23 1 1 1 1 1 1 1 1 1 1 1 1 1 5 7 7 7 7 7 7 7 7 7 7 7 7 7 7 7 9 9 9 9 9 9 9 9 9 9 9 9 9 9 9 9 9 9 9 9 6 6 6 6 6 6 6 6 0 0 0 -11 -11 -23 -23 -23 -23 -23 -23 -23 -23 -23 -23 -23 -23 -25 -25 -25 -25 -25 x x x x x x x x x x -27 -27 -27 -27 -27 -27 -27 -27 -27 -27 -27 -27 -27 -27 0 0 0 0 0 4 4 4 4 7 7 8 8 8 8 8 8 8 8 8 8 8 8 8 8 8 8 8 8 8 8 8 8 7 7 7 7 7 7 7 5 9 9 9 9 9 9 9 9 9 9 9 9 5 5 9 9 9 9 9 9 5 5 5 5 5 8 8 8 8 8 8 9 9 9 9 9 9 9 9 9 9 9 9 12 12 12 12 12 12 12 12 12 12 12 12 12 18 18 18 18 18 18 18 18 18 18 18 18 18 18 18 18 18 18 18 18 13 13 13 13 13 13 13 13 13 13 13 13 13 13 13 13 13 13 9 9 9 9 9 9 9 9 9 9 9 9 9 9 9 9 9 9 9 9 6 6 6 6 6 6 6 6 6 6 6 6 6 10 10 10 10 10 10 10 10 10 8 8 8 8 8 8 8 8 8 8 8 8 8 8 8 8 8 8 8 4 9 9 9 9 9 9 9 9 9 9 9 9 9 9 9 9 9 9 9 9 9 9 9 9 9 9 9 9 9 9 9 9 9 9 9 9 7 7 7 7 7 7 7 7 6 6 6 6 6 6 6 6 6 13 13 13 13 13 13 13 13 13 13 13 13 13 9 9 16 16 16 16 16 16 16 16 16 16 16 16 18 18 18 18 18 18 18 18 18 18 18 18 18 18 18 18 15 15 15 15 15 15 15 15 15 15 9 9 9 8 8 8 8 8 3 3 3 3 3 3 3 -24 -24 -24 -24 -24 -24 -24 -24 -24 -24 -24 -24 -24 -28 x x x x x x x x x x x x x
x x x x x x x x x x x x x x x x x x x x x x x x x x x x -23 -23 -23 -23 -23 -23 -23 -23 -23 -23 -23 1 1 1 1 1 1 1 1 1 1 1 1 5 5 7 7 7 7 7 7 7 7 7 7 7 7 7 7 9 9 9 9 9 9 9 9 9 9 9 9 9 9 9 9 9 9 9 9 6 6 6 6 6 6 0 0 0 0 0 0 -23 -23 -23 -23 -23 -23 -23 -23 -23 -23 -23 -23 -23 -23 -25 -25 -25 -25 x x x x x x x x x x -27 -27 -27 -27 -27 -27 -27 -27 -27 -27 -27 -27 -27 -27 0 0 0 0 0 4 4 4 4 4 4 8 8 8 8 8 8 8 8 8 8 8 8 8 8 8 8 8 8 8 8 8 8 8 7 7 7 7 5 5 5 5 5 5 9 9 9 9 9 9 9 9 5 5 5 5 9 9 9 9 5 5 5 5 5 5 5 5 8 8 8 9 9 9 9 9 9 9 9 9 9 9 9 12 12 12 12 12 12 12 12 12 12 12 12 12 18 18 18 18 18 18 18 18 18 18 18 18 18 18 18 18 18 18 18 18 18 18 13 13 13 13 13 13 13 13 13 13 13 13 13 13 13 13 13 13 8 8 8 9 9 9 9 9 9 9 9 9 9 9 9 9 9 9 9 6 6 6 6 6 6 6 6 6 6 6 6 6 6 10 10 10 10 10 10 10 8 8 8 8 8 8 8 8 8 8 8 8 8 8 8 8 8 8 8 9 9 9 9 9 9 9 9 9 9 9 9 9 9 9 9 9 9 9 9 9 9 9 9 9 9 9 9 9 9 9 9 9 9 9 9 9 9 7 7 7 7 7 7 7 7 6 6 6 6 6 6 10 6 6 6 13 13 13 13 13 13 13 13 13 5 5 9 9 9 16 16 16 16 16 16 16 16 16 16 16 16 9 18 18 18 18 18 18 18 18 18 18 18 18 18 15 15 15 15 15 15 15 15 15 15 9 9 9 9 9 8 3 3 3 3 3 3 3 3 3 3 3 -28 -28 -28 -28 -28 -28 -24 -24 -24 -24 -24 -24 -24 -28 x x x x x x x x x x x x x
x x x x x x x x x x x x x x x x x x x x x x x x x x x -23 -23 -23 -23 -23 -23 -23 -23 -23 -23 -23 -23 1 1 1 1 1 1 1 1 1 1 1 1 5 5 7 7 7 7 7 7 7 7 7 7 7 7 7 7 9 9 9 9 9 9 9 9 9 9 9 9 9 9 9 9 9 9 9 9 6 6 6 6 6 0 0 0 0 0 0 0 -23 -23 -23 -23 -23 -23 -23 -23 -23 -23 -23 -23 -23 -23 -23 -25 -25 x x x x x x x x x x x -27 -27 -27 -27 -27 -27 -27 -27 -27 -27 -27 -27 -27 -27 0 0 0 0 0 4 4 4 4 4 4 8 8 8 8 8 8 8 8 8 8 8 8 8 8 8 8 8 8 8 8 8 8 7 7 7 5 5 5 5 5 5 5 5 5 5 9 9 9 9 9 9 5 5 5 5 9 9 5 5 5 5 5 5 5 5 5 5 5 8 8 9 9 9 9 9 9 9 9 9 9 9 9 12 12 12 12 12 12 12 12 12 12 12 12 18 18 18 18 18 18 18 18 18 18 18 18 18 18 18 18 18 18 18 18 18 18 18 13 13 13 13 13 13 13 13 13 13 13 13 13 13 13 13 13 13 8 8 8 8 8 8 8 9 9 9 9 9 9 9 9 9 9 9 9 5 6 6 6 6 6 6 6 6 6 6 6 6 6 6 10 10 10 10 10 8 8 8 8 8 8 8 8 8 8 8 8 8 8 8 8 8 8 8 8 9 9 9 9 9 9 9 9 9 9 9 9 9 9 9 9 9 9 9 9 9 9 9 9 9 9 9 9 9 9 9 9 9 9 9 9 9 9 4 4 4 7 7 7 7 7 6 6 6 6 6 10 10 6 6 6 13 13 13 13 13 5 5 5 5 5 5 9 9 9 9 16 16 16 16 16 16 16 16 16 16 9 9 18 18 18 18 18 18 18 18 18 18 18 9 9 15 15 15 15 15 15 15 15 15 9 9 9 9 9 9 3 3 3 3 3 3 3 3 3 3 3 3 3 -28 -28 -28 -28 -28 -28 -28 -28 -28 -28 -28 -28 x x x x x x x x x x x x x x
x x x x x x x x x x x x x x x x x x x x x x -25 x x x x -23 -23 -23 -23 -23 -23 -23 -23 -23 -23 -23 1 1 1 1 1 1 1 1 1 1 1 1 1 1 1 7 9 9 9 7 7 7 7 7 7 7 7 7 9 9 9 9 9 9 9 9 9 9 9 9 9 9 9 9 9 9 9 9 6 6 6 6 6 0 0 0 0 0 0 0 0 0 -23 -23 -23 -23 -23 -23 -23 -23 -23 -23 -23 -23 -23 -25 -25 -25 x x x x x x x x x x x -27 -27 -27 -27 -27 -27 -27 -27 -27 -27 -27 -27 -27 -27 0 0 0 0 0 0 4 4 4 0 8 8 8 8 8 8 8 8 8 8 8 8 8 8 8 8 8 8 8 8 8 8 8 7 5 5 5 5 5 5 5 5 5 5 5 5 5 5 5 9 9 5 5 5 5 5 5 5 5 5 5 5 5 5 5 5 5 5 5 5 8 8 9 9 9 9 9 9 9 9 9 9 12 12 12 12 12 12 12 12 12 12 12 12 12 12 18 18 18 18 18 18 18 18 18 18 18 18 18 18 18 18 18 18 18 18 18 18 18 13 13 13 13 13 13 13 13 13 13 13 13 13 13 13 13 8 8 8 8 8 8 8 8 8 5 5 5 9 9 9 9 9 9 9 9 5 5 5 6 6 6 6 6 6 6 6 6 6 6 6 6 10 10 10 10 8 8 8 8 8 8 8 8 8 8 8 8 8 8 8 8 8 8 8 8 3 9 9 9 9 9 9 9 9 9 9 9 9 9 9 9 9 9 9 9 9 9 9 9 9 9 9 9 9 9 9 9 9 9 9 9 9 9 4 4 4 4 4 4 7 6 6 6 6 10 10 10 10 10 6 5 13 13 5 5 5 5 5 5 5 5 9 9 9 9 9 9 16 16 16 16 16 16 16 9 9 9 9 9 18 18 18 18 18 18 18 18 9 9 9 9 15 15 15 15 15 15 15 9 9 9 9 9 9 9 9 6 6 6 3 3 3 3 3 3 3 3 3 3 -28 -28 -28 -28 -28 -28 -28 -28 -28 -28 -28 -28 x x x x x x x x x x x x x x
x x x x x x x x x x x x x x x x x x x x x -25 -25 -25 x x -23 -23 -23 -23 -23 -23 -23 -23 -23 -23 -23 -23 1 1 1 1 1 1 1 1 1 1 4 1 1 1 1 1 9 9 9 9 9 9 9 7 7 7 7 7 9 9 9 9 9 9 9 9 9 9 9 9 9 9 9 9 9 9 9 9 6 6 6 0 0 0 0 0 0 0 0 0 0 0 -23 -23 -23 -23 -23 -23 -23 -23 -23 -23 -23 -23 x x -25 x x x x x x x x x x x -27 -27 -27 -27 -27 -27 -27 -22 -22 -27 -27 -27 -27 -27 -27 0 0 0 0 0 0 4 0 0 0 8 8 8 8 8 8 8 8 8 8 8 8 8 8 8 8 8 8 8 8 8 8 7 5 5 5 5 5 5 5 5 5 5 5 5 5 5 5 5 5 5 5 5 5 5 5 5 5 5 5 5 5 5 5 5 5 5 5 5 5 5 8 9 9 9 9 9 9 9 9 9 12 12 12 12 12 12 12 12 12 12 12 12 12 12 12 12 18 18 18 18 18 18 18 18 18 18 18 18 18 18 18 18 18 18 42 42 42 42 18 13 13 13 13 13 13 13 13 13 13 13 13 13 21 8 8 8 8 8 8 8 8 8 8 5 5 5 5 10 10 5 9 9 9 5 5 5 6 6 6 6 6 6 6 6 6 8 6 6 6 6 6 10 10 8 8 8 8 8 8 8 8 8 8 8 8 8 8 8 8 8 8 8 8 8 3 9 9 9 9 9 9 9 9 9 9 9 9 9 9 9 9 9 9 9 9 9 9 9 9 9 9 9 9 9 9 9 9 9 9 9 9 9 4 4 4 4 4 4 4 4 6 6 10 10 10 10 10 10 10 5 5 5 5 5 5 5 5 5 5 9 9 9 9 9 9 9 16 16 16 16 16 16 9 9 9 9 9 9 18 18 18 18 18 18 9 9 9 9 9 9 9 15 15 15 15 9 9 9 9 9 9 9 9 9 9 9 6 6 6 3 3 3 3 3 3 3 3 3 -28 -28 -28 -28 -28 -28 -28 -28 -28 -28 -28 -28 x x x x x x x x x x x x x x
x x x x x x x x x x x x x x x x x x x x x -25 -25 -25 -25 -25 -23 -23 -23 -23 -23 -23 -23 -23 -23 -23 -23 1 1 1 1 1 1 1 1 1 1 4 4 4 1 1 1 1 9 9 9 9 9 9 9 9 9 9 9 7 9 9 9 9 9 9 9 9 9 9 9 9 9 9 9 9 9 9 9 9 0 6 0 0 0 0 0 3 0 0 0 0 0 0 0 -23 -23 -23 -23 -23 -23 -23 -23 -23 -23 x x x x x x x x x x x x x x x -27 -27 -27 -27 -27 -27 -22 -22 -22 -22 -22 -27 -27 -27 -27 0 0 0 0 0 0 0 0 0 0 8 8 8 8 8 8 8 8 8 8 8 8 8 8 8 8 8 8 8 8 8 8 5 5 5 5 5 5 5 5 8 8 8 8 8 8 8 8 8 8 8 8 8 8 8 8 8 5 5 5 5 5 5 5 5 5 5 5 5 5 4 4 4 9 9 9 9 9 9 9 9 12 12 12 12 12 12 12 12 13 12 12 12 12 12 12 12 18 18 18 18 18 18 18 18 18 18 18 18 18 42 42 42 42 42 42 42 42 42 18 18 13 13 13 13 13 13 13 13 13 34 34 34 21 21 8 8 8 8 8 8 8 8 5 5 5 10 10 10 10 10 5 5 5 5 5 5 5 6 6 6 6 6 6 6 6 8 8 8 8 6 6 6 8 8 8 8 8 8 8 8 8 8 8 8 8 8 8 8 8 8 8 8 8 8 6 6 9 9 9 9 9 9 9 9 9 9 9 9 9 9 9 9 9 9 9 9 9 9 9 9 9 9 9 9 9 9 9 9 9 9 9 9 9 4 4 4 4 4 4 4 4 10 10 10 10 10 10 10 10 5 5 5 5 5 5 5 5 5 5 9 9 9 9 9 9 9 9 16 16 16 9 9 9 9 9 9 9 9 9 18 18 9 9 9 9 9 9 9 9 9 9 15 15 9 9 9 9 9 9 9 9 9 9 9 9 9 6 6 6 6 6 3 3 3 3 3 3 3 3 -28 -28 -28 -28 -28 -28 -28 -28 -28 -28 x x x x x x x x x x x x x x x
x x x x x x x x x x x x x x x x x x x x -25 -25 -25 -25 -25 -23 -23 -23 -23 -11 -23 -23 -23 -23 -23 -23 -23 1 1 1 1 1 1 1 1 1 4 4 4 4 4 1 1 9 9 9 9 9 9 9 9 9 9 9 9 9 9 9 9 9 9 9 9 9 9 9 9 9 9 9 9 9 9 9 9 9 0 0 3 3 3 3 3 3 0 0 0 0 0 0 0 -23 -23 -23 -23 -23 -23 -23 -23 -23 x x x x x x x x x x x x x x x x -27 -27 -27 -27 -27 -27 -22 -22 -22 -22 -22 -22 -22 -27 -27 0 0 0 0 0 0 0 0 0 8 8 8 8 8 8 8 8 8 8 8 8 8 8 8 8 8 8 8 8 8 8 8 5 5 5 8 8 8 8 8 8 8 8 8 8 8 8 8 8 8 8 8 8 8 8 8 8 5 5 5 5 5 5 5 5 5 5 5 5 4 4 4 4 5 9 9 9 9 9 9 9 9 9 12 12 12 13 13 13 13 12 12 12 12 12 12 12 12 18 18 18 18 18 18 42 42 42 42 42 42 42 42 42 42 42 42 42 42 42 34 34 34 34 34 34 34 34 34 34 34 34 34 34 21 21 21 21 8 8 8 8 8 8 5 10 10 10 10 10 10 10 5 5 5 5 5 5 5 5 6 6 6 6 6 6 6 8 8 8 8 8 8 8 8 8 8 8 8 8 8 8 8 8 8 8 8 8 8 8 8 8 8 8 8 8 6 6 9 9 9 9 9 9 9 9 9 9 9 9 9 9 9 9 9 9 9 9 9 9 9 9 9 9 9 9 9 9 9 9 9 9 9 9 9 4 4 4 4 4 4 10 10 10 10 10 10 10 10 10 10 10 5 5 5 5 5 5 5 5 9 9 9 9 9 9 9 9 9 9 16 9 9 9 9 9 9 9 9 9 9 9 9 9 9 9 8 9 9 9 9 9 9 9 9 9 9 9 9 9 9 9 9 9 9 9 9 9 6 6 6 6 6 6 3 3 3 3 3 3 3 -28 -28 -28 -28 -28 -28 -28 -28 -24 -28 x x x x x x x x x x x x x x x
x x x x x x x x x x x x x x x x x x x x -25 -25 -25 -25 -25 -25 -25 -23 -23 -11 -11 -11 -11 -11 -11 -11 1 1 1 1 1 1 1 1 1 1 4 4 4 4 4 4 4 9 9 9 9 9 9 9 9 9 9 9 9 9 9 9 9 9 9 9 9 9 9 9 9 9 9 9 9 9 9 9 9 9 3 3 3 3 3 3 3 3 3 0 0 0 0 0 0 0 -23 -23 -23 -23 -23 -23 -23 x x x x x x x x x x x x x x x x -27 -27 -27 -27 -27 -27 -22 -22 -22 -22 -22 -22 -22 -22 -22 -22 0 0 0 0 0 0 0 0 0 8 8 8 8 8 8 8 8 8 8 8 8 8 8 8 8 8 8 8 8 8 8 5 5 5 5 8 8 8 8 8 8 8 8 8 8 8 8 8 8 8 8 8 8 8 8 8 8 5 5 5 5 5 5 5 5 5 5 5 5 5 5 5 5 5 5 9 9 9 9 9 9 9 13 13 13 13 13 13 13 13 13 12 12 12 12 12 12 12 12 42 42 42 42 42 42 42 42 42 42 42 42 42 42 42 42 42 42 42 42 34 34 34 34 34 34 34 34 34 34 34 34 34 34 21 21 21 21 21 8 8 8 8 8 10 10 10 10 10 10 10 10 10 8 8 8 8 8 8 8 8 8 8 8 8 8 8 8 8 8 8 8 8 8 8 8 8 8 8 8 8 8 8 8 8 8 8 8 8 8 8 8 8 8 8 6 6 6 6 9 9 9 9 9 9 9 9 9 9 9 9 9 9 9 9 9 9 9 9 9 9 9 9 9 9 9 9 9 9 9 9 9 9 9 9 4 4 4 4 4 10 10 10 10 10 10 10 10 10 10 10 10 10 5 5 5 5 5 5 5 9 9 9 9 9 9 9 9 9 9 9 9 9 9 9 9 9 9 9 9 9 9 9 9 9 9 8 9 9 9 9 9 9 9 9 9 9 9 9 9 9 9 9 9 9 9 9 9 6 6 6 6 6 6 6 6 3 3 3 3 3 -28 -28 -28 -24 -24 -24 -24 -24 -24 -28 x x x x x x x x x x x x x x x
x x x x x x x x x x x x x x x x x x x -25 -25 -25 -25 -25 -25 -25 -25 -25 -25 -11 -11 -11 -11 -11 -11 -11 1 1 1 1 1 1 1 1 1 4 4 4 4 4 4 4 4 9 9 9 9 9 9 9 9 9 9 9 9 9 9 9 9 9 9 9 9 9 9 9 9 9 9 9 9 9 9 9 9 9 3 3 3 3 3 3 3 3 3 0 0 0 0 0 0 0 -23 -23 -23 -23 -23 -23 -23 x x x x x x x x x x x x x x x x -27 -27 -27 -27 -27 -27 -22 -22 -22 -22 -22 -22 -22 -22 -22 -22 0 0 0 0 0 0 0 0 8 8 8 8 8 8 8 8 8 8 8 8 8 8 8 8 8 8 8 8 8 8 8 5 5 5 5 8 8 8 8 8 8 8 8 8 8 8 8 8 8 8 8 8 8 8 8 8 8 5 5 5 5 5 5 5 5 5 5 5 5 5 5 5 5 5 5 9 9 9 9 13 13 13 13 13 13 13 13 13 25 25 25 25 25 25 25 25 25 25 42 42 42 42 42 42 42 42 42 42 42 42 42 42 42 42 42 42 42 42 42 42 34 34 34 34 34 34 34 34 34 34 34 34 34 21 21 21 21 21 21 8 8 10 10 10 10 10 10 10 10 10 10 10 8 8 8 8 8 8 8 8 8 8 8 8 8 8 8 8 8 8 8 8 8 8 8 8 8 8 8 8 8 8 8 8 8 8 8 8 8 8 8 8 8 8 6 6 6 6 9 9 9 9 9 9 9 9 9 9 9 9 9 9 9 9 9 9 9 9 9 9 9 9 9 9 9 9 9 9 9 9 9 9 9 9 6 6 6 10 10 10 10 10 10 10 10 10 10 10 10 10 10 10 5 5 5 5 5 5 5 5 9 9 9 9 9 9 9 9 9 9 9 9 9 9 9 9 9 9 9 9 9 9 9 9 8 8 8 9 9 9 9 9 9 9 9 9 9 9 9 9 9 9 9 9 9 9 9 6 6 6 6 6 6 6 6 6 3 3 3 3 3 -24 -24 -24 -24 -24 -24 -24 -24 -24 x x x x x x x x x x x x x x x
x x x x x x x x x x x x x x x x x x -25 -25 -25 -25 -25 -25 -25 -25 -25 -25 -25 -11 -11 -11 -11 -11 -11 -11 -11 -11 1 1 1 1 1 1 4 4 4 4 4 4 4 4 4 9 9 9 9 9 9 9 9 9 9 9 9 9 9 9 9 9 9 9 9 9 9 9 9 9 9 9 9 9 9 9 9 9 3 3 3 3 3 3 3 3 3 0 0 0 0 0 0 0 -23 -23 -23 -23 -23 -23 x x x x x x x x x x x x x x x x x -27 -27 -27 -27 -27 -22 -22 -22 -22 -22 -22 -22 -22 -22 -22 -22 0 0 0 0 0 0 0 0 8 8 8 8 8 8 8 8 8 8 8 8 8 8 8 8 8 8 8 8 8 8 8 5 5 5 5 8 8 8 8 8 8 8 8 8 8 8 8 8 8 8 8 8 8 8 8 8 8 5 5 5 5 5 5 5 5 5 5 5 5 5 5 5 5 5 5 13 13 13 13 13 13 13 13 13 13 13 13 13 25 25 25 25 25 25 25 25 25 25 42 42 42 42 42 42 42 42 42 42 42 42 42 42 42 42 42 42 42 42 42 42 34 34 34 34 34 34 34 34 34 34 34 34 34 21 21 21 21 21 21 21 21 10 10 10 10 10 10 10 10 10 10 10 10 8 8 8 8 8 8 8 8 8 8 8 8 8 8 8 8 8 8 8 8 8 8 8 8 8 8 8 8 8 8 8 8 8 8 8 8 8 8 8 8 8 6 6 6 6 6 9 9 9 9 9 9 9 9 9 9 9 9 9 9 9 9 9 9 9 9 9 9 9 9 9 9 9 9 9 9 9 9 9 9 9 6 6 10 10 10 10 10 10 10 10 10 10 10 10 10 10 10 10 10 5 5 5 5 5 5 5 5 9 9 9 9 9 9 9 9 9 9 9 9 9 9 9 9 9 9 9 9 9 9 9 9 9 8 9 9 9 9 9 9 9 9 9 9 9 9 9 9 9 9 9 9 9 9 9 6 6 6 6 6 6 6 6 6 3 3 3 3 -24 -24 -24 -24 -24 -24 -24 -24 -24 x x x x x x x x x x x x x x x
x x x x x x x x x x x x x x x x x x -25 -25 -25 -25 -25 -25 -25 -25 -25 -25 -25 -11 -11 -11 -11 -11 -11 -11 -11 -11 -11 -11 1 1 1 1 4 4 4 4 4 4 4 4 9 9 9 9 9 9 9 9 9 9 9 9 9 9 9 9 9 9 9 9 9 9 9 9 9 9 9 9 9 9 9 9 9 9 5 3 3 3 3 3 3 3 3 0 0 0 0 0 -23 -23 -23 -23 -23 -23 -23 -25 -25 -25 -25 x x x x x x x x x x x x x x -27 -27 -27 -27 -27 -22 -22 -22 -22 -22 -22 -22 -22 -22 -22 -22 0 0 0 0 0 0 0 0 0 0 8 8 8 8 8 8 8 8 8 8 8 8 8 8 8 8 8 8 8 8 5 5 5 5 5 5 8 8 8 8 8 8 8 8 8 8 8 8 8 8 8 8 8 8 8 8 8 5 5 5 5 5 5 5 5 5 5 5 5 5 5 5 13 13 13 13 13 13 13 13 13 13 13 13 13 13 13 13 25 25 25 25 25 25 25 25 25 25 42 42 42 42 42 42 42 42 42 42 42 42 42 42 42 42 42 42 42 42 42 42 34 34 34 34 34 34 34 34 34 34 34 34 34 21 21 21 21 21 21 21 21 21 10 10 10 10 10 10 10 10 10 10 10 10 8 8 8 8 8 8 8 8 8 8 8 8 8 8 8 8 8 8 8 8 8 8 8 8 8 8 8 8 8 8 8 8 8 8 8 8 8 8 8 8 6 6 6 6 6 9 9 9 9 9 9 9 9 9 9 9 9 9 9 9 9 9 9 9 9 9 9 9 9 9 9 9 9 9 9 9 9 9 9 9 10 10 10 10 10 10 10 10 10 10 10 10 10 10 10 10 10 10 10 10 5 5 5 5 5 5 5 5 5 9 9 9 9 9 9 9 9 9 9 9 9 9 9 9 9 9 9 9 9 9 9 9 9 9 9 9 9 9 9 9 9 9 9 9 9 9 9 9 9 9 9 9 9 9 6 6 6 6 6 6 6 6 6 6 6 3 3 -24 -24 -24 -24 -24 -24 -24 -24 -24 x x x x x x x x x x x x x x x
x x x x x x x x x x x x x x x x x -25 -25 -25 -25 -25 -25 -25 -25 -25 -25 -25 -11 -11 -11 -11 -11 -11 -11 -11 -11 -11 -11 -11 -11 -11 1 4 4 4 4 4 4 4 4 4 9 9 9 9 9 9 9 9 9 9 9 9 9 9 9 9 9 9 9 9 9 9 9 9 9 9 9 9 9 9 9 9 9 9 5 3 3 3 3 3 3 3 3 0 0 0 -23 -23 -23 -23 -23 -23 -23 -23 -25 -25 -25 -25 -25 -25 x x x x x x x x x x x x -27 -27 -27 -27 -27 -22 -22 -22 -22 -22 -22 -22 -22 -22 -22 -22 -22 0 0 0 0 0 0 0 0 0 0 0 6 8 8 8 8 8 8 8 8 8 8 8 8 8 8 8 8 8 8 5 5 5 5 5 5 8 8 8 8 8 8 8 8 8 8 8 8 8 8 8 8 8 8 8 8 8 8 5 5 5 5 5 5 5 5 5 5 5 5 5 13 13 13 13 13 13 13 13 13 13 13 13 13 13 13 13 13 25 25 25 25 25 25 25 25 25 25 42 42 42 42 42 42 42 42 42 42 42 42 42 42 42 42 42 42 42 42 42 42 34 34 34 34 34 34 34 34 34 34 34 34 34 21 21 21 21 21 21 21 21 21 21 10 10 10 10 10 10 10 10 10 10 10 8 8 8 8 8 8 8 8 8 8 8 8 8 8 8 8 8 8 8 8 8 8 8 8 8 8 8 8 8 8 8 8 8 8 8 8 8 8 8 8 6 6 6 6 6 6 9 9 9 9 9 9 9 9 9 9 9 9 9 9 9 9 9 9 9 9 9 9 9 9 9 9 9 9 9 9 9 9 9 10 10 10 10 10 10 10 10 10 10 10 10 10 10 10 10 10 10 10 10 10 10 5 5 5 5 5 5 5 9 9 9 9 9 9 9 9 9 9 9 9 9 9 9 9 9 9 9 9 9 9 9 9 9 9 9 9 9 9 9 9 9 9 9 9 9 9 9 9 9 9 9 9 9 9 6 6 6 6 6 6 6 6 6 6 6 6 3 3 -24 -24 -24 -24 -24 -24 -24 -24 x x x x x x x x x x x x x x x
x x x x x x x x x x x x x x x x -25 -25 -25 -25 -25 -25 -25 -25 -25 -25 -25 -25 -11 -11 -11 -11 -11 -11 -11 -11 -11 -11 -11 -11 -11 -11 4 4 4 4 4 4 4 4 4 4 9 9 9 9 9 9 9 9 9 9 9 9 9 9 9 9 9 9 9 9 9 9 9 9 9 9 9 9 9 9 9 9 9 9 5 3 3 3 3 3 3 3 3 3 0 -23 -23 -23 -23 -23 -23 -23 -23 -25 -25 -25 -25 -25 -25 x x x x x x x x x x x x x x x x -27 -27 -22 -22 -22 -22 -22 -22 -22 -22 -22 -22 -22 0 0 0 0 0 0 0 0 0 0 0 0 6 6 6 6 8 8 8 8 8 8 8 8 8 8 8 8 8 8 6 5 5 5 5 5 5 8 8 8 8 8 8 8 8 8 8 8 8 8 8 8 8 8 8 8 8 8 8 5 5 5 5 5 5 5 5 5 5 5 5 5 13 13 13 13 13 13 13 13 13 13 13 13 13 13 13 13 13 25 25 25 25 25 25 25 25 25 25 42 42 42 42 42 42 42 42 42 42 42 42 42 42 42 42 42 42 42 42 42 42 34 34 34 34 34 34 34 34 34 34 34 34 34 21 21 21 21 21 21 21 21 21 21 21 21 10 10 10 10 10 10 10 10 10 10 8 8 8 8 8 8 8 8 8 8 8 8 8 8 8 8 8 8 8 8 8 8 8 8 8 8 8 8 8 8 8 8 8 8 8 8 8 8 7 7 6 6 6 6 6 9 9 9 9 9 9 9 9 9 9 9 9 9 9 9 9 9 9 9 9 9 9 9 9 9 9 9 9 9 9 9 9 10 10 10 10 10 10 10 10 10 10 10 10 10 10 10 10 10 10 10 10 10 10 10 5 5 5 5 5 5 9 9 9 9 9 9 9 9 9 9 9 9 9 9 9 9 9 9 9 9 9 9 9 9 9 9 9 9 9 9 9 9 9 9 9 9 9 9 9 9 9 9 9 9 9 6 6 6 6 6 6 6 6 6 6 6 6 6 6 6 6 -24 -24 -24 -24 -24 -24 -24 -24 x x x x x x x x x x x x x x x
x x x x x x x x x x x x x x x x -25 -25 -25 -25 -25 -25 -25 -25 -25 -25 -25 -25 -11 -11 -11 -11 -11 -11 -11 -11 -11 -11 -11 -11 -11 -11 4 4 4 4 4 4 4 4 4 4 9 9 9 9 9 9 9 9 9 9 9 9 9 9 9 9 9 9 9 9 9 9 9 9 9 9 9 9 9 9 9 9 9 9 5 3 3 3 3 3 3 3 3 3 -23 -23 -23 -23 -23 -23 -23 -23 -25 -25 -25 -25 -25 -25 -25 x x x x x x x x x x x x x x x x x -22 -22 -22 -22 -22 -22 -22 -22 -22 -22 -22 -22 0 0 0 0 0 0 0 0 0 0 0 0 6 6 6 6 6 6 6 8 8 8 8 8 8 8 8 8 8 8 6 5 5 5 5 5 5 8 8 8 8 8 8 8 8 8 8 8 8 8 8 8 8 8 8 8 8 8 8 5 5 5 5 5 5 5 5 5 5 5 5 5 13 13 13 13 13 13 13 13 13 13 13 13 13 13 13 13 13 25 25 25 25 25 25 25 25 25 25 25 42 42 42 42 42 42 42 42 42 42 42 42 42 42 42 42 42 42 42 42 42 42 34 34 34 34 34 34 34 34 34 34 34 34 21 21 21 21 21 21 21 21 21 21 21 21 21 10 10 10 10 10 10 10 10 10 10 8 8 8 8 8 8 8 8 8 8 8 8 8 8 8 8 8 8 8 8 8 8 8 8 8 8 8 8 8 8 8 8 8 8 8 8 8 7 7 6 6 6 6 6 6 9 9 9 9 9 9 9 9 9 9 9 9 9 9 9 9 9 9 9 9 9 9 9 9 9 9 9 7 6 6 6 10 10 10 10 10 10 10 10 10 10 10 10 10 10 10 10 10 10 10 10 10 10 10 10 5 5 5 5 9 9 9 9 9 9 9 9 9 9 9 9 9 9 9 9 9 9 9 9 9 9 9 9 9 9 9 9 9 9 9 9 9 9 9 9 9 9 9 9 9 6 6 6 6 6 6 6 6 6 6 6 6 6 6 6 6 6 6 6 6 -24 -24 -24 -24 -24 -24 -24 -24 -24 x x x x x x x x x x x x x x x
x x x x x x x x x x x x x x x -25 -25 -25 -25 -25 -25 -25 -25 -25 -25 -25 -25 -25 -11 -11 -11 -11 -11 -11 -11 -11 -11 -11 -11 -11 -11 4 4 4 4 4 4 4 4 4 4 9 9 9 9 9 9 9 9 9 9 9 9 9 9 9 9 9 9 9 9 9 9 9 9 9 9 9 9 9 9 9 9 9 9 9 5 3 3 3 3 3 3 3 3 3 -23 -23 -23 -23 -23 -23 -23 -25 -25 -25 -25 -25 -25 -25 x x x x x x x x x x x x x x x x x x -22 -22 -22 -22 -22 -22 -22 -22 -22 -22 -22 0 0 0 0 0 0 0 0 0 0 0 0 0 6 6 6 6 6 6 6 6 6 8 8 8 8 8 8 8 8 8 6 5 5 5 5 5 5 8 8 8 8 8 8 8 8 8 8 8 8 8 8 8 8 8 8 8 8 8 8 5 5 5 5 5 5 5 5 5 5 5 5 5 5 13 13 13 13 13 13 13 13 13 13 13 13 13 13 13 13 25 25 25 25 25 25 25 25 25 25 25 42 42 42 42 42 42 42 42 42 42 64 42 42 42 42 42 42 42 42 42 42 42 34 34 34 34 34 34 34 34 34 34 34 34 21 21 21 21 21 21 21 21 21 21 21 21 21 21 10 10 10 10 10 10 10 10 10 8 8 8 8 8 8 8 8 8 8 8 8 8 8 8 8 8 8 8 8 8 8 8 8 8 8 8 8 8 8 8 8 8 8 8 8 8 7 7 6 6 6 6 6 6 9 9 9 9 9 9 9 9 9 9 9 9 9 9 9 9 9 9 9 9 9 9 7 7 7 7 7 7 6 6 6 10 10 10 10 10 10 10 10 10 10 10 10 10 10 10 10 10 10 10 10 10 10 10 10 10 5 5 9 9 9 9 9 9 9 9 9 9 9 9 9 9 9 9 9 9 9 9 9 9 9 9 9 9 9 9 9 9 9 9 9 9 9 9 9 9 5 5 6 6 6 6 6 6 6 6 6 6 6 6 6 6 6 6 6 6 6 6 6 -24 -24 -24 -24 -24 -24 -24 -24 -24 -24 -24 x x x x x x x x x x x x x x
x x x x x x x x x x x x x x x -25 -25 -25 -25 -25 -25 -25 -25 -25 -25 -25 -25 -25 -11 -11 -11 -11 -11 -11 -11 -11 -11 -11 -11 -11 4 4 4 4 4 4 4 4 4 4 4 9 9 9 9 9 9 9 9 9 9 9 9 9 9 9 9 9 9 9 9 9 9 9 9 9 9 9 9 9 9 9 9 9 9 9 3 3 3 3 3 3 3 3 3 3 -25 -23 -23 -23 -23 -23 -23 -25 -25 -25 -25 -25 -25 -25 x x x x x x x x x x x x x x x x x -22 -22 -22 -22 -22 -22 -22 -22 -22 -22 -22 -22 0 0 0 0 0 0 0 0 0 0 0 0 0 0 6 6 6 6 6 6 6 6 6 6 6 8 8 8 8 8 6 6 6 5 5 5 5 5 8 8 8 8 8 8 8 8 8 8 8 8 8 8 8 8 8 8 8 8 8 8 5 5 5 5 5 5 5 5 5 5 5 5 5 5 13 13 13 13 13 13 13 13 13 13 13 13 13 13 13 13 25 25 25 25 25 25 25 25 25 25 25 42 42 42 42 42 42 42 42 42 64 64 64 42 42 42 42 42 42 42 42 42 42 34 34 34 34 34 34 34 34 34 34 34 34 34 21 21 21 21 21 21 21 21 21 21 21 21 21 10 10 10 10 10 10 10 10 10 10 8 8 8 8 8 8 8 8 8 8 8 8 8 8 8 8 8 8 8 8 8 8 8 8 7 7 7 7 7 7 8 8 8 8 8 8 7 7 6 6 6 6 6 6 6 9 9 9 9 9 9 9 9 9 9 7 9 9 9 9 9 7 7 7 7 7 7 7 7 7 7 7 6 6 6 6 10 10 10 10 10 10 10 10 10 10 10 10 10 10 10 10 10 10 10 10 10 10 10 10 9 9 9 9 9 9 9 9 9 9 9 9 9 9 9 9 9 9 9 9 9 9 9 9 9 9 9 9 9 9 9 9 9 9 9 9 9 5 5 5 5 6 6 6 6 6 6 6 6 6 6 6 6 6 6 6 6 6 6 6 6 6 -24 -24 -24 -24 -24 -24 -24 -24 -24 -24 -24 -24 x x x x x x x x x x x x x x
x x x x x x x x x x x x x x -23 -23 -23 -25 -25 -25 -25 -25 -25 -25 -11 -11 -11 -25 -11 -11 -11 -11 -11 -11 -11 -11 -11 -11 -11 -11 4 4 9 9 4 4 4 4 4 4 4 9 9 9 9 9 9 9 9 9 9 9 9 9 9 9 9 9 9 9 9 9 9 5 5 9 9 9 9 9 9 9 9 9 9 9 3 3 3 3 3 3 3 3 3 3 -25 -25 -25 -23 -23 -23 -25 -25 -25 -25 -25 -25 -25 -25 x x x x x x x x x x x x x x x x x -22 -22 -22 -22 -22 -22 -22 -22 -22 -22 -22 0 0 0 0 0 0 0 0 0 0 0 0 0 0 0 6 6 6 6 6 6 6 6 6 6 6 6 6 6 8 8 7 6 6 5 5 5 5 5 8 8 8 8 8 8 8 8 8 8 8 8 8 8 8 8 8 8 8 8 8 8 5 5 5 5 5 5 5 5 5 5 5 5 5 9 13 13 13 13 13 13 13 13 13 13 13 13 13 13 13 13 25 25 25 25 25 25 25 25 25 25 25 42 42 42 42 42 42 42 64 64 64 64 64 64 42 42 42 42 42 42 42 42 42 34 34 34 34 34 34 34 34 34 34 34 34 34 21 21 21 27 27 27 21 21 21 21 21 21 10 10 10 10 10 10 10 10 10 10 10 8 8 8 8 8 8 8 8 8 8 8 8 8 8 8 8 8 8 8 8 8 8 8 8 7 7 7 7 7 7 7 7 7 7 7 8 7 7 6 6 6 6 6 6 6 9 9 9 9 9 9 9 9 5 7 7 7 7 7 7 7 7 7 7 7 7 7 7 7 7 7 7 6 6 6 6 6 10 10 10 10 10 10 10 10 10 10 10 10 10 10 10 10 10 10 10 10 10 10 10 10 9 9 9 9 9 9 9 9 9 9 9 9 9 9 9 9 9 9 9 9 9 9 9 9 9 9 9 9 9 9 9 9 9 9 9 9 6 6 5 6 6 6 6 6 6 6 6 6 6 6 6 6 6 6 6 6 6 6 6 6 6 -24 -24 -24 -24 -24 -24 -24 -24 -24 -24 -24 -24 x x x x x x x x x x x x x x
x x x x x x x x x x x x -23 -23 -23 -23 -23 -25 -25 -25 -25 -25 -25 -11 -11 -11 -11 -11 -11 -11 -11 -11 -11 -11 -11 -11 -11 -11 -11 4 9 9 9 9 4 4 4 4 4 4 4 9 9 9 9 9 9 9 9 9 9 9 9 9 9 9 9 9 9 9 9 9 9 5 5 5 5 5 5 5 5 5 5 5 5 5 3 3 3 3 3 3 3 3 3 3 3 -25 -25 -25 -23 -25 -25 -25 -25 -25 -25 -25 -25 x x x x x x x x x x x x x x x x x -22 -22 -22 -22 -22 -22 -22 -22 -22 -22 -22 -22 0 0 0 0 0 0 0 0 0 0 0 0 0 0 0 6 6 6 6 6 6 6 6 6 6 6 6 6 6 6 7 7 7 7 7 7 5 5 5 8 8 8 8 8 8 8 8 8 8 8 8 8 8 8 8 8 8 8 8 8 8 5 5 5 5 5 5 5 5 5 5 5 5 9 9 9 13 13 13 13 13 13 13 13 13 13 13 13 13 13 13 25 25 25 25 25 25 25 25 25 25 25 42 42 42 42 42 42 64 64 64 64 64 64 64 64 42 42 42 42 42 42 42 42 34 58 58 34 34 34 34 34 34 34 34 34 34 27 27 27 27 27 27 21 21 21 21 21 21 10 10 10 10 10 10 10 10 10 10 10 10 8 8 8 8 8 8 8 8 8 8 8 8 8 8 8 8 8 8 8 8 8 8 8 7 7 7 7 7 7 7 7 7 7 7 7 7 7 7 6 6 6 6 6 6 6 9 9 9 9 9 6 5 5 7 7 7 7 7 7 7 7 7 7 7 7 7 7 7 7 7 7 7 6 6 6 6 6 10 10 10 10 10 10 10 10 10 10 10 10 10 10 10 10 10 10 10 10 10 10 10 10 9 9 9 9 9 9 9 9 9 9 9 9 9 9 9 9 9 9 9 9 9 9 9 9 9 9 9 9 9 9 9 9 9 9 5 6 6 6 6 6 6 6 6 6 6 6 6 6 6 6 6 6 6 6 6 6 6 6 6 -24 -24 -22 -22 -22 -24 -24 -24 -24 -24 -24 -24 -24 x x x x x x x x x x x x x x
x x x x x x x x x -23 -23 -23 -23 -23 -23 -23 -23 -23 -25 -25 -25 -25 -11 -11 -11 -11 -11 -11 -11 -11 -11 -11 -11 -11 -11 -11 -11 -11 9 9 9 9 9 9 9 4 4 4 4 9 9 9 9 9 9 9 9 9 9 9 9 9 9 9 9 9 9 9 9 9 9 9 9 5 5 5 5 5 5 5 5 5 5 5 5 5 3 3 3 3 3 3 3 3 3 3 3 -25 -25 -25 -25 -25 -25 -25 -25 -25 -25 -25 -25 x x x x x x x x x x x x x x x x x -22 -22 -22 -22 -22 -22 -22 -22 -22 -22 -22 0 0 0 0 0 0 0 0 0 0 0 0 0 0 0 0 6 6 6 6 6 6 6 6 6 6 6 6 6 6 7 7 7 7 7 7 7 7 7 7 8 8 8 8 8 8 8 8 8 8 8 8 8 8 8 8 8 8 8 8 8 8 5 5 5 5 5 5 5 5 5 5 5 9 9 9 9 13 13 13 13 13 13 13 13 13 13 13 15 15 15 13 25 25 25 25 25 25 25 25 25 25 25 25 42 42 42 44 64 64 64 64 64 64 64 64 64 64 42 42 42 42 42 42 42 58 58 58 58 34 34 34 34 34 34 34 34 34 27 27 27 27 27 27 21 21 21 21 21 10 10 10 10 10 10 10 10 10 10 10 10 10 10 8 8 8 8 8 8 8 8 8 8 8 8 8 8 8 8 8 8 8 8 8 7 7 7 7 7 7 7 7 7 7 7 7 7 7 7 7 6 6 6 6 6 6 6 9 9 9 6 5 5 5 5 7 7 7 7 7 7 7 7 7 7 7 7 7 7 7 7 7 7 7 6 6 6 6 6 10 10 10 10 10 10 10 10 10 10 10 10 10 10 10 10 10 10 10 10 10 10 10 10 10 9 9 9 9 9 9 9 9 9 9 9 9 9 9 9 9 9 9 9 9 9 9 9 9 9 9 9 9 9 9 9 9 9 6 6 6 6 6 6 6 6 6 6 6 6 6 6 6 6 6 6 6 6 6 6 6 6 -24 -24 -22 -22 -22 -22 -22 -24 -24 -24 -24 -24 -24 -24 x x x x x x x x x x x x x x
x x x x x x x -23 -23 -23 -23 -23 -23 -23 -23 -23 -23 -23 -25 -25 -25 -11 -11 -11 -11 -11 -11 -11 -11 -11 -11 -11 -11 -11 -11 -11 9 9 9 9 9 9 9 9 9 4 4 9 9 9 9 9 9 9 9 9 9 9 9 9 9 9 9 9 9 9 9 9 9 9 9 9 9 5 5 5 5 5 5 5 6 6 5 5 5 3 3 3 3 3 3 3 3 3 3 3 3 -22 -22 -22 -22 -22 -22 -22 -25 -25 -25 -25 x x x x x x x x x x x x x x x x x -22 -22 -22 -22 -22 -22 -22 -22 -22 -22 -22 -22 0 0 0 0 0 0 0 0 0 0 0 0 0 0 0 4 4 6 6 6 6 6 6 6 6 6 6 6 6 6 7 7 7 7 7 7 7 7 7 7 8 8 8 8 8 8 8 8 8 8 8 8 8 8 8 8 8 9 9 9 9 9 5 5 5 5 5 5 5 5 5 9 9 9 9 9 9 13 13 13 13 13 13 13 13 13 13 15 15 15 15 15 25 25 25 25 25 25 25 25 25 44 44 44 44 44 44 64 64 64 64 64 64 64 64 64 64 64 64 42 42 42 42 42 58 58 58 58 58 58 34 34 34 34 34 34 34 34 27 27 27 27 27 27 27 21 21 21 10 10 10 10 10 10 10 10 10 10 10 10 10 10 10 8 8 8 8 8 8 8 8 8 8 8 8 8 8 8 8 8 8 8 8 8 7 7 7 7 7 7 7 7 7 7 7 7 7 7 7 7 6 6 6 6 6 6 6 6 6 6 5 5 5 5 5 7 7 7 7 7 7 7 7 7 7 7 7 7 7 7 7 7 7 7 6 6 6 6 6 8 10 10 10 10 10 10 10 10 10 10 10 10 10 10 10 10 10 10 10 10 10 10 10 10 9 9 10 10 10 10 10 10 10 10 10 10 10 10 10 10 10 10 10 10 9 9 9 9 9 9 9 9 9 9 9 9 9 6 6 6 6 6 6 6 6 6 6 6 6 6 6 6 6 6 6 6 6 6 6 6 6 -24 -22 -22 -22 -22 -22 -22 -22 -24 -24 -24 -24 -24 -24 -24 x x x x x x x x x x x x x
x x x x x -23 -23 -23 -23 -23 -23 -23 -23 -23 -23 -23 -23 -23 -23 -25 -11 -11 -11 -11 -11 -11 -11 -11 -11 -11 -11 -11 -11 9 9 9 9 9 9 9 9 9 9 9 9 9 9 9 9 9 9 9 9 9 9 9 9 9 9 9 9 9 9 9 9 9 9 9 9 9 9 9 5 5 6 6 6 6 6 6 6 6 5 5 5 3 3 3 3 3 3 3 3 3 3 3 3 -22 -22 -22 -22 -22 -22 -22 -22 -22 -22 -22 -22 -22 -22 x x x x x x x x x x x x x x x x -22 -22 -22 -22 -22 -22 -22 -22 -22 0 0 0 0 0 0 6 6 6 6 6 0 0 4 4 4 4 4 6 6 6 6 6 6 6 6 6 6 6 6 6 7 7 7 7 7 7 7 7 7 7 8 8 8 8 8 8 8 8 8 8 8 8 8 8 8 8 8 9 9 9 9 9 9 9 9 9 9 9 5 5 9 9 9 9 9 9 9 13 13 13 13 13 13 13 13 15 15 15 15 15 15 15 25 25 25 44 44 44 44 44 44 44 44 44 44 44 64 64 64 64 64 64 64 64 64 64 64 64 64 64 42 42 42 42 58 58 58 58 58 58 58 34 34 34 34 34 34 34 27 27 27 27 27 27 27 21 21 10 10 10 10 10 10 10 10 10 10 10 10 10 10 10 10 10 8 8 8 8 8 8 8 8 8 8 8 8 8 8 8 8 8 8 8 8 7 7 7 7 7 7 7 7 7 7 7 7 7 7 7 7 6 6 6 6 6 6 6 6 6 5 5 5 5 5 5 7 7 7 7 7 7 7 7 7 7 7 7 7 7 7 7 7 7 7 7 7 6 8 8 8 8 10 10 10 10 10 10 10 10 10 10 10 10 10 10 10 10 10 10 10 10 10 10 5 9 9 10 10 10 10 10 10 10 10 10 10 10 10 10 10 10 10 10 10 9 9 9 9 9 9 9 9 9 9 9 9 6 6 6 6 6 6 6 6 6 6 6 6 6 6 6 6 6 6 6 6 6 6 6 6 -24 -22 -22 -22 -22 -22 -22 -22 -22 -22 -24 -24 -24 -24 -24 -24 x x x x x x x x x x x x x
x x x -23 -23 -23 -23 -23 -23 -23 -23 -23 -23 -23 -23 -23 -23 -23 -23 -11 -11 -11 -11 -11 -11 -11 -11 -11 -11 -11 -11 9 9 9 9 9 9 9 9 9 9 9 9 9 9 9 9 9 9 9 9 9 9 9 9 9 9 9 9 9 9 9 9 9 9 9 9 9 9 9 9 9 6 6 6 6 6 6 6 6 6 6 6 5 5 3 3 3 3 3 3 3 3 3 3 3 3 3 -22 -22 -22 -22 -22 -22 -22 -22 -22 -22 -22 -22 -22 x x x x x x x x x x x x x x x x x -24 -22 -22 -22 -22 -22 -22 -22 0 0 0 0 0 0 6 6 6 6 6 6 6 6 6 6 4 4 6 6 6 6 6 6 6 6 6 6 6 6 7 7 7 7 7 7 7 7 7 7 7 8 8 8 8 8 8 8 8 8 8 8 8 8 8 8 8 9 9 9 9 9 9 9 9 9 9 9 9 9 9 9 9 9 9 9 9 9 9 13 13 13 13 13 13 15 15 15 15 15 15 44 44 44 44 44 44 44 44 44 44 44 44 44 44 44 64 64 64 64 64 64 64 64 64 64 64 64 64 64 64 42 42 42 58 58 58 58 58 58 58 58 58 34 34 34 34 34 34 27 27 27 27 27 27 27 27 21 10 10 10 10 10 10 10 10 10 10 10 10 10 10 10 10 10 8 8 8 8 8 8 8 8 8 8 8 8 8 8 8 8 8 8 8 7 7 7 7 7 7 7 7 7 7 7 7 7 7 7 7 7 7 6 6 6 6 6 6 6 5 5 5 5 5 5 5 7 7 7 7 7 7 7 7 7 7 7 7 7 7 7 7 7 7 7 8 8 8 8 8 8 8 10 10 10 10 10 10 10 10 10 10 10 10 10 10 10 10 10 10 10 10 5 5 5 5 9 10 10 10 10 10 10 10 10 10 10 10 10 10 10 10 10 10 10 9 9 9 9 9 9 9 9 9 9 9 9 6 6 6 6 6 6 6 6 6 6 6 6 6 6 6 6 6 6 6 6 6 6 6 -22 -22 -22 -22 -22 -22 -22 -22 -22 -22 -22 -24 -24 -24 -24 -24 -24 x x x x x x x x x x x x x
-23 -23 -23 -23 -23 -23 -23 -23 -23 -23 -23 -23 -23 -23 -23 -23 -23 -23 -11 -11 -11 -11 -11 -11 -11 -11 -11 -11 -11 9 9 9 9 9 9 9 9 9 9 9 9 9 9 9 9 9 9 9 9 9 9 9 9 9 9 9 9 9 9 9 9 9 9 9 9 9 9 9 9 9 9 9 6 6 6 6 6 6 6 6 6 6 6 5 5 3 3 3 3 3 3 3 3 3 3 3 3 3 3 3 -22 -22 -22 -22 -22 -22 -22 -22 -22 -22 -22 x x x x x x x x x x x x x x -24 -24 -24 -24 -24 -24 -22 -22 -22 -22 -22 -22 -22 0 0 0 0 6 6 6 6 6 6 6 6 6 6 6 6 6 6 6 6 6 6 6 6 6 6 6 6 7 7 7 7 7 7 7 7 7 7 7 8 8 8 8 8 8 8 8 8 8 8 8 8 8 8 8 9 9 9 9 9 9 9 9 9 9 9 9 9 9 9 9 9 9 9 9 9 9 13 13 13 13 15 15 15 15 15 15 15 15 44 44 44 44 44 44 44 44 44 44 44 44 44 44 64 64 64 64 64 64 64 64 64 64 64 64 64 64 64 64 64 42 58 58 58 58 58 58 58 58 58 58 58 34 34 34 34 34 27 27 27 27 27 27 27 27 10 10 10 10 10 10 10 10 10 10 10 10 10 10 10 10 8 8 8 8 8 8 8 8 8 8 8 8 8 8 8 8 8 8 8 8 8 7 7 7 7 7 7 7 7 7 7 7 7 7 7 7 7 7 7 6 6 6 6 6 6 5 5 5 5 5 5 5 5 7 7 7 7 7 7 7 7 7 7 7 7 7 7 7 7 8 8 8 8 8 8 8 8 8 8 8 10 10 10 10 10 10 10 10 10 10 10 10 10 10 10 10 10 10 5 5 5 5 5 5 10 10 10 10 10 10 10 10 10 10 10 10 10 10 10 10 10 10 9 9 9 9 9 9 9 9 9 9 9 9 6 6 6 6 6 6 6 6 6 6 6 6 6 6 6 6 6 6 6 6 6 6 6 3 -22 -22 -22 -22 -22 -22 -22 -22 -22 -22 -22 -24 -24 -24 -24 -24 x x x x x x x x x x x x x
-23 -23 -23 -23 -23 -23 -23 -23 -23 -23 -23 -23 -23 -23 -23 -23 -23 -11 -11 -11 -11 -11 -11 -11 -11 -11 -11 9 9 9 9 9 9 9 9 9 9 9 9 9 9 9 9 9 9 9 9 9 9 9 9 9 9 9 9 9 9 9 9 9 9 9 9 9 9 9 9 9 9 9 9 9 6 6 6 6 6 6 6 6 6 6 6 5 3 3 3 3 3 3 3 3 3 3 3 3 3 3 3 3 -22 -22 -22 -22 -22 -22 -22 -22 -22 -22 -22 x x x x x x x x x x x x x x -24 -24 -24 -24 -24 -24 -24 -24 -22 -22 -22 -22 -22 -22 -22 0 0 6 6 6 6 6 6 6 6 6 6 6 6 6 6 6 6 6 6 6 6 6 6 6 6 7 7 7 7 7 7 7 7 7 7 7 8 8 8 8 8 8 8 8 8 8 8 8 8 8 8 8 9 9 9 9 9 9 9 9 9 9 9 9 9 9 9 9 9 9 9 9 9 9 13 13 13 15 15 15 15 15 15 15 15 15 44 44 44 44 44 44 44 44 44 44 44 44 44 64 64 64 64 64 64 64 64 64 64 64 64 64 64 64 64 64 64 64 58 58 58 58 58 58 58 58 58 58 58 58 34 34 34 34 27 27 27 27 27 27 27 27 27 10 10 10 10 10 10 10 10 10 10 10 10 10 10 8 8 8 8 8 8 8 8 8 8 8 8 8 8 8 8 8 8 8 8 8 8 7 7 7 7 7 7 7 7 7 7 7 7 7 7 7 7 6 6 6 6 6 6 6 5 5 5 5 5 5 5 5 5 7 7 7 7 7 7 7 7 7 7 7 7 7 7 8 8 8 8 8 8 8 8 8 8 8 8 8 8 10 10 10 10 10 10 10 10 10 10 10 10 10 10 10 5 5 5 5 5 5 5 5 10 10 10 10 10 10 10 10 10 10 10 10 10 10 10 10 10 10 9 9 9 9 9 9 9 9 9 9 9 6 6 6 6 6 6 6 6 6 6 6 6 6 6 6 6 6 6 6 6 6 6 6 3 3 3 -22 -22 -22 -22 -22 -22 -22 -22 -22 -22 -22 -24 -24 -24 -24 x x x x x x x x x x x x x
-23 -23 -23 -23 -23 -23 -23 -23 -23 -23 -23 -23 -23 -23 -23 -23 -11 -11 -11 -11 -11 -11 -11 -11 -11 9 9 9 9 9 9 9 9 9 9 9 9 9 9 9 9 9 9 9 9 9 9 9 9 9 9 9 9 9 9 9 9 9 9 9 9 9 9 9 9 9 9 9 9 9 9 6 6 6 6 6 6 6 6 6 6 6 6 5 3 3 3 3 3 3 3 3 3 3 3 3 3 3 3 3 -22 -22 -22 -22 -22 -22 -22 -22 -22 -22 -22 x x x x x x x x x x x x x x -24 -24 -24 -24 -24 -24 -24 -24 -24 -24 -22 -22 -22 -22 -22 -22 6 6 6 6 6 6 6 6 6 6 6 6 6 6 6 6 6 6 6 6 6 6 6 6 6 7 7 7 7 7 7 7 7 7 7 7 8 8 8 8 8 8 8 8 8 8 8 8 8 8 8 8 9 9 9 9 9 9 9 9 9 9 9 9 9 9 9 9 9 9 9 9 9 9 9 15 15 15 15 15 15 15 15 15 15 15 44 44 44 44 44 44 44 44 44 44 44 64 64 64 64 64 64 64 64 64 64 64 64 64 64 64 64 64 64 64 64 64 64 58 58 58 58 58 58 58 58 58 58 58 58 34 34 34 27 27 27 27 27 27 27 27 27 10 10 10 10 10 10 10 10 10 10 10 10 8 8 8 8 8 8 8 8 8 8 8 8 8 8 8 8 8 8 8 8 8 8 8 7 7 7 7 7 7 7 7 7 7 7 7 5 5 6 6 6 6 6 6 6 6 5 5 5 5 5 5 5 5 5 5 7 7 7 7 7 7 7 7 7 7 7 7 8 8 8 8 8 8 8 8 8 8 8 8 8 8 8 8 8 8 10 10 10 10 10 10 10 10 10 10 10 10 10 5 5 5 5 5 5 5 5 5 10 10 10 10 10 10 10 10 10 10 10 10 10 10 10 10 10 10 9 9 9 9 9 9 9 9 9 9 9 6 6 6 6 6 6 6 6 6 6 6 6 6 6 6 6 6 6 6 6 6 6 3 3 3 3 3 -22 -22 -22 -22 -22 -22 -22 -22 -22 -22 -22 -24 -24 -24 -24 x x x x x x x x x x x x
-23 -23 -23 -23 -23 -23 -23 -23 -23 -23 -23 -23 -23 -23 -23 -11 -11 -11 -11 -11 -11 -11 -11 -11 -11 -11 9 9 9 9 9 9 9 9 9 9 9 9 9 9 9 9 9 9 9 9 9 9 9 9 9 9 9 9 9 9 9 9 9 9 9 9 9 9 9 9 9 9 9 9 9 6 6 6 6 6 6 6 6 6 6 6 6 5 3 3 3 3 3 3 3 3 3 3 3 3 3 3 3 -22 -22 -22 -22 -22 -22 -22 -22 -22 -22 -22 -22 x x x x x x x x x x x x x x -24 -24 -24 -24 -24 -24 -24 -24 -24 -24 -24 -24 -22 -22 -22 -22 6 6 6 6 6 6 6 6 6 6 6 6 6 6 6 6 6 6 6 6 6 6 6 6 7 7 7 7 7 7 7 7 7 7 7 7 8 8 8 8 8 8 8 8 8 8 8 8 8 8 8 8 9 9 9 9 9 9 9 9 9 9 9 9 9 9 9 9 9 9 9 9 9 9 15 15 15 15 15 15 15 15 15 15 15 15 44 44 44 44 44 44 44 44 44 44 64 64 64 64 64 64 64 64 64 64 64 64 64 64 64 64 64 64 64 64 64 64 64 64 58 58 58 58 58 58 58 58 58 58 58 58 58 34 27 27 27 27 27 27 27 27 27 10 10 10 10 10 10 10 10 10 10 10 8 8 8 8 8 8 8 8 8 8 8 8 8 8 8 8 8 8 8 8 8 8 8 8 7 7 7 7 7 7 7 7 5 5 5 5 5 5 5 6 6 6 6 6 6 5 5 5 5 5 5 5 5 5 5 5 7 7 7 7 7 7 7 7 7 7 7 7 7 8 8 8 8 8 8 8 8 8 8 8 8 8 8 8 8 8 10 10 10 10 10 10 10 10 10 10 10 10 5 5 5 5 5 5 5 5 5 5 10 10 10 10 10 10 10 10 10 10 10 10 10 10 10 10 10 10 9 9 9 9 9 9 9 9 9 9 9 6 6 6 6 6 6 6 6 6 6 6 6 6 6 6 6 6 6 6 6 6 6 3 3 3 3 3 3 -22 -22 -22 -22 -22 -22 -22 -22 -22 -22 -22 -24 -24 -24 x x x x x x x x x x x x
-23 -23 -23 -23 -23 -23 -23 -23 -23 -23 -23 -23 -23 -23 -11 -11 -11 -11 -11 -11 -11 -11 -11 -11 -11 -11 9 9 9 9 9 9 9 9 9 9 9 9 9 9 9 9 9 9 9 9 9 9 9 9 9 9 9 9 9 9 9 9 9 9 9 9 9 9 9 9 9 9 9 9 9 6 6 6 6 6 6 6 6 6 6 6 6 5 3 3 3 3 3 3 3 3 3 3 3 3 3 3 3 -22 -22 -22 -22 -22 -22 -22 -22 -22 -22 -22 -22 x x x x x x x x x x x x x x x -24 -24 -24 -24 -24 -24 -24 -24 -24 -24 -24 -24 -24 -22 -22 6 6 6 6 6 6 6 6 6 6 6 6 6 6 6 6 6 6 6 6 6 6 6 6 7 7 7 7 7 7 7 7 7 7 7 7 8 8 8 8 8 8 8 8 8 6 6 6 6 6 6 6 9 9 9 9 9 9 9 9 9 9 9 9 9 9 9 9 9 9 9 9 15 15 15 15 15 15 15 15 15 15 15 15 15 15 15 44 44 44 44 44 44 44 44 64 64 64 64 64 64 64 64 64 64 64 64 64 64 64 64 64 64 64 64 64 64 64 64 64 64 58 58 58 58 58 58 58 58 58 58 58 58 58 27 27 27 27 27 27 27 27 27 27 10 10 10 10 10 10 10 10 8 8 8 8 8 8 8 8 8 8 8 8 8 8 8 8 8 8 8 6 8 8 8 8 8 8 7 7 7 7 5 5 5 5 5 5 5 5 5 5 5 5 6 6 6 6 5 5 5 5 5 5 5 5 5 5 5 5 7 7 7 7 7 7 7 7 7 7 7 7 7 8 8 8 8 8 8 8 8 8 8 8 8 8 8 8 8 8 8 10 10 10 10 10 10 10 10 10 5 5 5 5 5 5 5 5 5 5 5 5 10 10 10 10 10 10 10 10 10 10 10 10 10 10 10 10 10 10 9 9 9 9 9 9 9 9 9 9 9 9 9 6 6 6 6 6 6 6 6 6 6 6 6 6 6 6 6 6 6 6 3 3 3 3 3 3 3 3 -22 -22 -22 -22 -22 -22 -22 -22 -22 -22 -24 -24 -24 x x x x x x x x x x x x
-23 -23 -23 -23 -23 -23 -23 -23 -23 -23 -23 -23 -23 -11 -11 -11 -11 -11 -11 -11 -11 -11 -11 -11 -11 -11 -11 9 9 9 9 9 9 9 9 9 9 9 9 9 9 9 9 9 9 9 9 9 9 9 9 9 9 9 9 9 9 9 9 9 5 5 9 9 9 9 9 9 9 9 6 6 6 6 6 6 6 6 6 6 6 6 6 6 3 3 3 3 3 3 3 3 3 3 3 3 3 3 3 -22 -22 -22 -22 -22 -22 -22 -22 -22 -22 -22 x x x x x x x x x x x x x x x x -24 -24 -24 -24 -24 -24 -24 -24 -24 -24 -24 -24 -24 -24 -24 6 6 6 6 6 6 6 6 6 6 6 6 6 6 6 6 6 6 6 6 6 6 6 6 7 7 7 7 7 7 7 7 7 7 7 7 7 7 7 7 7 7 6 6 6 6 6 6 6 6 6 6 9 9 9 9 9 9 9 9 9 9 9 9 9 9 9 9 9 9 9 15 15 15 15 15 15 15 15 15 15 15 15 15 15 15 15 44 44 44 44 44 44 44 64 64 64 64 64 64 64 64 64 64 64 64 64 64 64 64 64 64 64 64 64 64 64 64 64 64 64 64 58 58 58 58 58 58 58 58 58 58 58 58 58 27 27 27 27 27 27 27 27 27 10 10 10 10 10 10 8 8 8 8 8 8 8 8 8 8 8 8 8 8 8 8 8 8 8 8 8 6 6 6 6 8 8 7 6 5 5 5 5 5 5 5 5 5 5 5 5 5 5 5 5 6 6 5 5 5 5 5 5 5 5 5 5 5 5 5 7 7 7 7 7 7 7 7 7 7 7 7 7 7 8 8 8 8 8 8 8 8 8 8 8 8 8 8 8 8 8 8 10 10 10 10 10 10 10 5 5 5 5 5 5 5 5 5 5 5 5 5 10 10 10 10 10 10 10 10 10 10 10 10 10 10 10 10 10 10 9 9 9 9 9 9 9 9 9 9 9 9 9 9 6 6 6 6 6 6 6 6 6 6 6 6 6 6 6 6 6 3 3 3 3 3 3 3 3 3 3 -22 -22 -22 -22 -22 -22 -22 -22 -22 -22 x x x x x x x x x x x x x x
-23 -23 -23 -23 -23 -23 -23 -23 -23 -23 -23 -23 -11 -11 -11 -11 -11 -11 -11 -11 -11 -11 -11 -11 -11 -11 -11 9 9 9 9 9 9 9 9 9 9 9 9 9 9 9 9 9 9 9 9 9 9 9 9 9 9 9 9 9 9 9 9 9 9 5 5 6 6 9 9 9 9 9 6 6 6 6 6 6 6 6 6 6 6 6 6 6 3 3 3 3 3 3 3 3 3 3 3 3 3 3 3 -22 -22 -22 -22 -22 -22 -22 -22 -22 -22 -22 x x x x x x x x x x x x x x x x x -24 -24 -24 -24 -24 -24 -24 -24 -24 -24 -24 -24 -24 -24 6 6 6 6 6 6 6 6 6 6 6 6 6 6 6 6 6 6 6 6 4 4 4 4 7 7 7 7 7 7 7 7 7 7 7 7 7 7 7 7 7 7 6 6 6 6 6 6 7 6 6 9 9 9 9 9 9 9 9 9 9 9 9 9 9 9 9 9 9 15 15 15 15 15 15 15 15 15 15 15 15 15 15 15 15 15 15 44 44 44 44 44 44 44 64 64 64 64 64 64 64 64 64 64 64 64 64 64 64 64 64 64 64 64 64 64 64 64 64 64 64 64 64 58 58 58 58 58 58 58 58 58 58 58 58 58 27 27 27 27 27 27 27 27 27 10 10 10 10 6 6 6 6 6 6 6 6 6 6 6 6 6 6 6 6 6 6 6 6 6 6 6 6 6 6 6 6 6 6 5 5 5 5 5 5 5 5 5 5 5 5 5 5 5 5 5 5 5 5 5 5 5 5 5 5 5 5 5 5 5 7 7 7 7 7 7 7 7 7 7 7 7 7 7 8 8 8 8 8 8 8 8 8 8 8 8 8 8 8 8 8 8 10 10 10 10 10 5 5 5 5 5 5 5 5 5 5 5 5 5 5 5 10 10 10 10 10 10 10 10 10 10 10 10 10 10 10 10 10 10 9 9 9 9 9 9 9 9 9 9 9 9 9 9 9 6 6 6 6 6 6 6 6 6 6 6 6 6 6 6 6 3 3 3 3 3 3 3 3 3 3 3 -22 -22 -22 -22 -22 -22 -22 -22 -22 -22 x x x x x x x x x x x x x
x -23 -23 -23 -23 -23 -23 -23 -23 -23 -23 -23 -11 -11 -11 -11 -11 -11 -11 -11 -11 -11 -11 -11 -11 -11 -11 -11 9 9 9 9 9 9 9 9 9 9 9 9 9 9 9 9 9 9 9 9 9 9 9 9 9 9 9 9 9 9 9 9 9 5 7 6 6 6 6 6 6 9 6 6 6 6 6 6 6 6 6 6 6 6 6 6 3 3 3 3 3 3 3 3 9 9 3 3 3 3 -22 -22 -22 -22 -22 -22 -22 -22 -22 -22 -22 -22 x x x x x x x x x x x x x x x x x -24 -24 -24 -24 -24 -24 -24 -24 -24 -24 -24 -24 -24 -24 6 6 6 6 6 6 6 6 6 6 6 6 6 6 6 6 6 6 6 6 4 4 4 7 7 7 7 7 7 7 7 7 7 7 7 7 7 7 7 7 7 7 6 6 6 6 6 7 7 7 6 9 9 9 9 9 9 9 9 9 9 9 9 9 9 9 9 9 9 15 15 15 15 15 15 15 15 15 15 15 15 15 15 15 15 15 15 44 44 44 44 44 44 44 44 64 64 64 64 64 64 64 64 64 64 64 64 64 64 64 64 64 64 64 64 64 64 64 64 64 64 64 58 58 58 58 58 58 58 58 58 58 58 58 58 27 27 27 27 27 27 27 27 27 27 10 10 6 6 6 6 6 6 6 6 6 6 6 6 6 6 6 6 6 6 6 6 6 6 6 6 6 6 6 6 6 6 7 6 5 5 5 5 5 5 5 5 5 5 5 5 5 5 5 5 5 5 6 6 6 6 6 6 6 5 5 5 5 5 5 7 7 7 7 7 7 7 7 7 7 7 7 7 7 8 8 8 8 8 8 8 8 8 8 8 8 8 8 8 8 8 8 8 10 10 10 5 5 5 5 5 5 5 5 5 5 5 5 5 5 5 5 10 10 10 10 10 10 10 10 10 10 10 10 10 10 10 10 10 10 9 9 9 9 9 9 9 9 9 9 9 9 9 9 9 8 6 6 6 6 6 6 6 6 6 6 6 6 6 6 3 3 3 3 3 3 3 3 3 3 3 3 -22 -22 -22 -22 -22 -22 -22 -22 -22 -22 -22 x x x x x x x x x x x x
x -23 -23 -23 -23 -23 -23 -23 -23 -23 -23 -23 -23 -11 -11 -11 -11 -11 -11 -11 -11 -11 2 2 2 -11 -11 -11 9 9 9 9 9 9 9 9 9 9 9 9 9 9 9 9 9 9 9 9 9 9 9 9 9 9 9 9 9 9 9 9 9 7 7 7 7 6 6 6 6 6 6 6 6 6 6 6 6 6 6 6 10 10 6 6 3 3 3 3 3 3 9 9 9 9 3 3 3 3 -22 -22 -22 -22 -22 -22 -22 -22 -22 -22 -22 -22 x x x x x x x x x x x x x x x x x -24 -24 -24 -24 -24 -24 -24 -24 -24 -24 -24 -24 -24 6 6 6 6 6 6 6 6 6 6 6 6 6 6 6 6 6 6 6 6 6 4 4 4 7 7 7 7 7 7 7 7 7 7 7 7 7 7 7 7 7 7 6 6 6 6 7 7 7 7 7 6 9 9 9 9 9 9 9 9 9 9 9 9 9 9 9 9 9 9 9 15 15 15 15 15 15 15 15 15 15 15 15 15 15 15 15 15 44 44 44 44 44 44 44 44 44 64 64 64 64 64 64 64 64 64 64 64 64 64 64 64 64 64 64 64 64 64 64 64 64 64 58 58 58 58 58 58 58 58 58 58 58 58 58 58 27 27 27 27 27 27 27 27 27 27 10 6 6 6 6 6 6 6 7 6 6 6 6 6 6 6 6 6 6 6 6 6 6 6 6 6 6 6 6 6 6 6 7 7 7 7 5 5 5 5 5 5 5 5 5 5 5 5 5 5 5 5 6 6 6 6 6 6 6 6 6 6 6 6 7 7 7 7 7 7 7 7 7 7 7 7 7 7 7 7 8 8 8 8 8 8 8 8 8 8 8 8 8 8 8 8 8 8 8 5 5 5 5 5 5 5 5 5 5 5 5 5 5 5 5 5 5 10 10 10 10 10 10 10 10 10 10 10 10 10 10 10 10 10 10 9 9 9 9 9 9 9 9 9 9 9 9 9 9 8 8 8 6 6 6 6 6 6 6 6 6 6 6 3 3 3 3 3 3 3 3 3 3 3 3 3 -22 -22 -22 -22 -22 -22 -22 -22 -22 -22 -22 -22 -22 x x x x x x x x x x x
x -23 -23 -23 -23 -23 -23 -23 -23 -23 -23 -23 -23 -23 -11 -11 -11 -11 -11 -11 -11 2 2 2 2 2 -11 -11 -11 9 9 9 9 9 9 9 9 9 9 9 9 9 9 9 9 9 9 9 9 9 9 9 9 9 9 9 9 9 9 9 9 9 7 7 7 7 6 6 6 6 6 6 6 6 6 6 10 10 10 10 10 10 6 6 3 3 3 3 9 9 9 9 9 9 9 3 3 3 -11 -11 -22 -22 -22 -22 -22 -22 -22 -22 -22 -22 -26 -26 x x x x x x x x x x x x x x x x -24 -24 -24 -24 -24 -24 -24 -24 -24 -24 -24 -24 6 6 6 6 6 6 6 6 6 6 6 6 6 6 6 6 6 6 6 6 4 4 4 4 7 7 7 7 7 7 7 7 7 7 7 7 7 7 7 7 7 7 6 6 7 7 7 7 7 7 7 7 9 9 9 9 9 9 9 9 9 9 9 9 9 9 9 9 9 9 9 9 15 15 15 15 15 15 15 15 15 15 15 15 15 15 15 15 44 44 44 44 44 44 44 44 44 64 64 64 64 64 64 64 64 64 64 64 64 64 64 64 64 64 64 64 64 64 64 64 64 58 58 58 58 58 58 58 58 58 58 58 58 58 58 27 27 27 27 27 27 27 27 27 27 27 27 6 6 6 6 6 6 7 7 7 7 6 6 6 6 6 6 7 7 7 7 7 7 7 6 6 6 6 6 6 6 7 7 7 7 7 7 7 7 5 5 5 5 5 5 5 5 5 5 5 5 5 6 6 6 6 6 6 6 6 6 6 6 6 7 7 7 7 7 7 7 7 7 7 7 7 7 7 7 7 8 8 8 8 8 8 8 8 8 8 8 8 8 8 8 8 8 8 8 8 5 5 5 5 5 5 5 5 5 5 5 5 5 5 5 5 5 10 10 10 10 10 10 10 10 10 10 10 10 10 10 10 10 10 10 9 9 9 9 9 9 9 9 9 9 9 9 9 8 8 8 8 8 6 6 6 6 6 6 6 6 6 3 3 3 3 3 3 3 3 3 3 3 3 3 -22 -22 -22 -22 -22 -22 -22 -22 -22 -22 -22 -22 -22 x x x x x x x x x x x x
x x -23 -23 -23 -23 -23 -23 -23 -23 -23 -23 -23 -23 -23 -11 -11 -11 -11 -11 -11 2 2 2 2 2 2 2 -11 9 9 9 9 9 9 9 9 9 9 9 9 9 9 9 9 9 9 9 9 9 9 9 9 9 9 9 9 9 9 9 9 9 7 7 7 7 7 6 6 6 6 10 10 10 10 10 10 10 10 10 10 10 10 6 6 3 9 9 9 9 9 9 9 9 9 3 3 3 -11 -11 -11 -11 -22 -22 -22 -22 -22 -22 -22 -22 -26 -26 -26 -26 x x x x x x x x x x x -27 -27 -27 -24 -24 -24 -24 -24 -24 -24 -24 -24 -24 -24 -24 6 6 6 6 6 6 6 6 6 6 6 6 6 6 6 6 6 6 6 6 4 4 4 4 7 7 7 7 7 7 7 7 7 7 7 7 7 7 7 7 7 7 6 7 7 7 7 7 7 7 7 7 9 9 9 9 9 9 9 9 9 9 9 9 9 9 9 9 9 9 9 9 15 15 15 15 15 15 15 15 15 15 15 15 15 15 15 15 15 44 44 44 44 44 44 44 44 44 64 64 64 64 64 64 64 64 64 64 64 64 64 64 64 64 64 64 64 64 64 64 58 58 58 58 58 58 58 58 58 58 58 58 58 58 31 31 31 27 27 27 27 27 27 27 27 27 27 7 7 7 7 7 7 7 7 7 7 7 7 6 6 6 6 7 7 7 7 7 7 7 7 7 7 7 7 7 7 7 7 7 7 7 7 7 7 7 7 5 5 5 5 5 5 5 5 5 5 5 6 6 6 6 6 6 6 6 6 6 6 6 7 7 7 7 7 7 7 7 7 7 7 7 7 7 7 7 8 8 8 8 8 8 8 8 8 8 8 8 8 8 8 8 8 8 8 8 5 5 5 5 5 5 5 5 5 5 5 5 5 5 5 5 5 10 10 10 10 10 10 10 10 10 10 10 10 10 10 10 10 10 10 9 9 9 9 9 9 9 9 9 9 9 9 8 8 8 8 8 8 8 6 6 6 6 6 6 6 3 3 3 3 3 3 3 3 3 3 3 3 3 -22 -22 -22 -22 -22 -22 -22 -22 -22 -22 -22 -22 -22 x x x x x x x x x x x x x
x x -23 -23 -23 -23 -23 -23 -23 -23 -23 -23 -23 -23 -23 -23 -11 -11 -11 -11 2 2 2 2 2 2 2 2 2 9 9 9 9 9 9 9 9 9 9 9 9 9 9 9 9 9 9 9 9 9 9 9 9 9 9 9 9 9 9 9 9 9 9 7 7 7 10 10 10 10 10 10 10 10 10 10 10 10 10 10 10 10 10 6 9 9 9 9 9 9 9 9 9 9 9 9 3 -11 -11 -11 -11 -11 -11 -11 -22 -22 -22 -22 -22 -22 -26 -26 -26 -26 -26 -26 x x x x x x x x x x -27 -27 -24 -24 -24 -24 -24 -24 -24 -24 -24 -24 -24 -24 6 6 6 6 6 6 6 6 6 6 6 6 6 6 6 6 6 6 6 6 4 4 4 7 7 7 7 7 7 7 7 7 7 7 7 7 7 7 7 7 7 7 7 7 7 7 7 7 7 7 7 7 9 9 9 9 9 9 9 9 9 9 9 9 9 9 9 9 9 9 9 9 9 15 15 15 15 15 15 15 15 15 15 15 15 15 15 15 15 44 44 44 44 44 44 44 44 44 62 64 64 64 64 64 64 64 64 64 64 64 64 64 64 64 64 64 64 64 64 58 58 58 58 58 58 58 58 58 58 58 58 58 58 31 31 31 31 31 27 27 27 27 27 27 27 27 27 27 7 7 7 7 7 7 7 7 7 7 7 7 7 6 6 7 7 7 7 7 7 7 7 7 7 7 7 7 7 7 7 7 7 7 7 7 7 7 7 7 7 7 5 5 5 5 5 5 5 5 6 6 6 6 6 6 6 6 6 6 6 6 7 7 7 7 7 7 7 7 7 7 7 7 7 7 7 7 7 8 8 8 8 8 8 8 8 8 8 8 8 8 8 8 8 8 8 8 5 5 5 5 5 5 5 5 5 5 5 5 5 5 5 5 5 10 10 10 10 10 10 10 10 10 10 10 10 10 10 10 10 10 10 9 9 9 9 9 9 9 9 9 9 9 8 8 8 8 8 8 8 8 8 6 6 6 6 6 3 3 3 3 3 3 3 3 3 3 3 3 3 -22 -22 -22 -22 -22 -22 -22 -22 -22 -22 -22 -22 x x x x x x x x x x x x x x x
x x -26 -23 -23 -23 -23 -23 -23 -23 -23 -23 -23 -23 -23 -23 -23 -11 -11 2 2 2 2 2 2 2 2 2 2 2 9 9 9 9 9 9 9 9 9 9 9 9 9 9 9 9 9 9 9 9 9 9 9 9 9 9 9 9 9 9 7 7 10 10 10 10 10 10 10 10 10 10 10 10 10 10 10 10 10 10 10 10 10 9 9 9 9 9 9 9 9 9 9 9 9 9 3 -11 -11 -11 -11 -11 -11 -11 -11 -22 -22 -22 -22 -22 -26 -26 -26 -26 -26 -26 -26 -26 -26 x x x x x x x -27 -27 -27 -24 -24 -24 -24 -24 -24 -24 -24 -24 -24 -24 6 6 6 6 6 6 6 6 6 6 6 6 6 6 6 6 6 6 6 6 4 4 4 7 7 7 7 7 7 7 7 7 7 7 7 7 7 7 7 7 7 7 7 7 7 7 7 7 7 7 7 9 9 9 9 9 9 9 9 9 9 9 9 9 9 9 9 9 9 9 9 9 9 9 15 15 15 15 15 15 15 15 15 15 15 15 15 35 35 44 44 44 44 44 44 44 44 44 44 62 64 64 64 64 64 64 64 64 64 64 64 64 64 64 64 64 64 64 58 58 58 58 58 58 58 58 58 58 58 58 58 58 31 31 31 31 31 31 31 31 27 27 27 27 27 27 27 27 7 7 7 7 7 7 7 7 7 7 7 7 7 7 6 7 7 7 7 7 7 7 7 7 7 7 7 7 7 7 7 7 7 7 7 7 7 7 7 7 7 7 7 7 7 5 5 5 5 5 6 6 6 6 6 6 6 6 6 6 6 6 7 7 7 7 7 7 7 7 7 7 7 7 7 7 7 7 7 8 8 8 8 8 8 8 8 8 8 8 8 8 8 8 8 8 8 8 8 5 5 5 5 5 5 5 5 5 5 5 5 5 5 5 5 10 10 10 10 10 10 10 10 10 10 10 10 10 10 10 10 10 10 9 9 9 9 9 9 9 9 9 9 8 8 8 8 8 8 8 8 8 8 6 6 6 6 3 3 3 3 3 3 3 3 3 3 3 3 3 -22 -22 -22 -22 -22 -22 -22 -22 -22 -22 -22 -22 x x x x x x x x x x x x x x x x
x x -26 -23 -23 -23 -23 -23 -23 -23 -23 -23 -23 -23 -23 -23 -23 -23 -11 2 2 2 2 2 2 2 2 2 2 9 9 9 9 9 9 9 9 9 9 9 9 9 9 9 9 9 9 9 9 9 9 9 9 9 9 9 9 9 7 7 7 7 7 10 10 10 10 10 10 10 10 10 10 10 10 10 10 10 10 10 10 10 10 9 9 9 9 9 9 9 9 9 9 9 9 9 9 -11 -11 -11 -11 -11 -11 -11 -11 -11 -11 -22 -22 -26 -26 -26 -26 -26 -26 -26 -26 -26 -26 -26 -26 x x x x x -27 -27 -27 -24 -24 -24 -24 -24 -24 -24 -24 -24 -24 6 6 6 6 6 6 6 6 6 6 6 6 6 6 6 6 6 6 6 6 6 4 4 4 7 7 7 7 7 7 7 7 7 7 7 7 7 7 7 7 7 7 7 7 7 7 7 7 7 7 7 9 9 9 9 9 9 9 9 9 9 9 9 9 9 9 9 9 9 9 9 9 9 9 9 15 15 15 15 15 15 15 15 15 15 15 35 35 35 35 44 44 44 44 44 44 44 44 44 44 62 62 64 64 64 64 64 64 64 64 64 64 64 64 64 64 64 62 62 58 58 58 58 58 58 58 58 58 58 58 58 58 56 31 31 31 31 31 31 31 31 31 31 27 27 27 7 7 7 7 7 7 7 7 7 7 7 7 7 7 7 7 7 7 7 7 7 7 7 7 7 7 7 7 7 7 7 7 7 7 7 7 7 7 7 7 7 7 7 7 7 7 7 7 7 7 7 5 5 6 6 6 6 6 6 6 6 6 6 6 6 7 7 7 7 7 7 7 7 7 7 7 7 7 7 7 7 7 7 8 8 8 8 8 8 8 8 8 8 8 8 8 8 8 8 8 8 5 5 5 5 5 5 5 5 5 5 5 5 5 5 5 5 5 10 10 10 10 10 10 10 10 10 10 10 10 10 10 10 10 10 10 9 9 9 9 9 9 9 9 9 8 8 8 8 8 8 8 8 8 8 8 8 6 6 3 3 3 3 3 3 3 3 3 3 3 3 3 0 -22 -22 -22 -22 -22 -22 -22 -22 -22 -22 -22 -27 x x x x x x x x x x x x x x x x