x x x x x x x x x x x x x x x x x x x x x x x x x x x x x x x x x x x x x x x x x x x x x x x x x x x x x x x x x x x x x x x -24 -24 -24 -24 -24 -24 -24 -24 -24 -24 -24 -24 -24 -24 -12 -12 -12 -12 -12 -12 -12 -12 -12 -12 4 4 4 4 4 4 4 8 8 8 8 8 8 8 8 8 8 6 6 6 8 8 8 8 8 8 8 8 8 8 8 6 6 9 9 9 9 9 9 9 9 9 9 9 5 5 5 5 5 6 6 6 8 8 8 8 8 8 8 8 8 8 8 8 8 8 8 8 8 8 8 8 8 8 8 8 6 6 6 6 6 6 6 9 9 9 9 9 9 9 9 9 5 5 5 5 5 5 5 5 4 6 6 0 0 0 0 0 0 0 0 0 -11 -11 -11 -11 -11 -11 -11 -11 -11 -11 -27 -27 -27 x x x x x x -23 -23 x x x x x x x x -27 -27 -27 -27 -24 -24 -24 -24 -24 -24 -24 -24 -24 2 2 2 2 2 5 5 5 5 5 5 5 7 7 7 7 7 7 7 7 7 7 7 7 7 8 8 8 8 8 8 8 8 8 8 8 8 8 8 8 8 8 8 7 7 7 7 7 8 8 8 8 8 8 8 8 8 8 8 8 8 8 8 8 8 8 8 8 8 8 8 8 8 8 8 8 8 8 8 5 3 3 3 3 6 6 6 9 9 9 9 9 9 9 9 9 6 6 6 6 6 9 9 9 9 9 9 9 9 9 9 9 9 9 9 9 9 4 4 4 5 5 5 5 8 8 10 10 10 10 10 10 10 10 10 10 10 10 8 8 8 8 8 8 8 8 8 8 8 8 8 6 6 6 15 15 15 15 15 15 15 15 15 24 24 24 24 24 24 24 24 24 24 24 24 24 24 24 24 24 24 24 24 24 22 22 -16 -25 -25 -25 -25 -25 -25 -25 -25 -25 -21 -21 -21 -21 -21 -21 -21 -26 -26 -26 -26 x x x x x x x x x x x x x x x x x x x x x x x x x x x x x x x x x x x x x x
x x x x x x x x x x x x x x x x x x x x x x x x x x x x x x x x x x x x x x x x x x x x x x x x x x x x x x x x x x x x -24 -24 -24 -24 -24 -24 -24 -24 -24 -24 -24 -24 -24 -24 -24 -24 -24 5 5 5 5 5 5 5 5 5 5 5 5 5 5 5 5 8 8 8 8 8 8 8 8 8 8 8 8 8 8 8 8 8 8 8 8 8 8 8 8 8 8 9 9 9 9 9 9 9 9 9 9 9 9 9 6 6 6 6 6 6 6 6 8 8 8 8 8 8 8 8 8 8 8 8 8 8 8 8 8 8 8 8 8 6 6 6 6 6 6 6 6 9 9 9 9 9 9 9 9 9 9 9 5 5 5 5 5 5 5 5 5 5 5 5 5 5 5 5 0 0 0 -11 -11 -11 -11 -11 -11 -11 -11 -11 -11 -27 -27 -23 -23 -23 -23 -23 -23 -23 -23 -23 x x x x x x x x -27 -27 -24 -24 -24 -24 -24 -24 -24 -24 -24 -24 5 5 5 5 5 5 5 5 5 5 5 5 5 5 7 7 7 7 7 7 7 7 7 7 7 7 8 8 8 8 8 8 8 8 8 8 8 8 8 8 8 8 8 8 8 8 7 7 7 8 8 8 8 8 8 8 8 8 8 8 8 8 8 8 8 8 8 8 8 8 8 8 8 8 8 8 8 8 8 8 7 7 7 7 7 7 7 7 9 9 9 9 9 9 9 9 9 9 9 9 9 9 9 9 9 9 9 9 9 9 9 9 9 9 9 9 9 9 5 5 5 5 5 5 5 8 10 10 10 10 10 10 10 10 10 10 10 10 10 10 10 10 8 8 8 8 8 8 8 8 8 8 8 15 15 15 15 15 15 15 15 15 15 15 24 24 24 24 24 24 24 24 24 24 24 24 24 24 24 24 24 24 24 24 22 22 22 22 -25 -25 -25 -25 -25 -25 -21 -21 -21 -21 -21 -21 -21 -21 -21 -21 -21 -26 -26 x x x x x x x x x x x x x x x x x x x x x x x x x x x x x x x x x x x x x x x
x x x x x x x x x x x x x x x x x x x x x x x x x x x x x x x x x x x x x x x x x x x x x x x x x x x x x x x x x x x x x -24 -24 -24 -24 -24 -24 -24 -24 -24 -24 -24 -24 -24 -24 -24 -24 5 5 5 5 5 5 5 5 5 5 5 5 5 5 5 8 8 8 8 8 8 8 8 8 8 8 8 8 8 8 8 8 8 8 8 8 8 8 8 8 8 9 9 9 9 9 9 9 9 9 9 9 9 9 9 9 6 6 6 6 6 6 6 6 8 8 8 8 8 8 8 8 8 8 8 8 8 8 8 8 8 8 8 6 6 6 6 6 6 6 6 9 9 9 9 9 9 9 9 9 9 9 9 9 5 5 5 5 5 5 5 5 5 5 5 5 5 5 5 5 5 5 -11 -11 -11 -11 -11 -11 -11 -11 -11 -11 -23 -23 -23 -23 -23 -23 -23 -23 -23 -23 -23 x x x x x x x -24 -24 -24 -24 -24 -24 -24 -24 -24 -24 -24 -24 -24 5 5 5 5 5 5 5 5 5 5 5 5 5 5 7 7 7 7 7 7 7 7 7 7 7 7 8 8 8 8 8 8 8 8 8 8 8 8 8 8 8 8 8 8 8 8 7 7 7 8 8 8 8 8 8 8 8 8 8 8 8 8 8 8 8 8 8 8 8 8 8 8 8 8 8 8 8 8 8 8 8 7 7 7 7 7 7 7 9 9 9 9 9 9 9 9 9 9 9 9 9 9 9 9 9 9 9 9 9 9 9 9 9 9 9 9 9 9 5 5 5 5 5 5 5 8 10 10 10 10 10 10 10 10 10 10 10 10 10 10 10 10 10 10 10 8 8 8 8 8 8 15 15 15 15 15 15 15 15 15 15 15 15 15 24 24 24 24 24 24 24 24 24 24 24 24 24 24 24 24 24 24 24 24 22 22 22 22 22 -25 -25 -21 -21 -21 -21 -21 -21 -21 -21 -21 -21 -21 -21 -21 -21 x x x x x x x x x x x x x x x x x x x x x x x x x x x x x x x x x x x x x x x x x
x x x x x x x x x x x x x x x x x x x x x x x x x x x x x x x x x x x x x x x x x x x x x x x x x x x x x x x x x x x x x -24 -24 -24 -24 -24 -24 -24 -24 -24 -24 -24 -24 -24 -24 -24 -24 5 5 5 5 5 5 5 5 5 5 5 5 5 5 5 8 8 8 8 8 8 8 8 8 8 8 8 8 8 8 8 8 8 8 8 8 8 8 8 8 9 9 9 9 9 9 9 9 9 9 9 9 9 9 9 9 9 6 6 6 6 6 6 6 6 8 8 8 8 8 8 8 8 8 8 8 8 8 8 8 8 8 6 6 6 6 6 6 6 6 6 9 9 9 9 9 9 9 9 9 9 9 9 9 9 9 5 5 5 5 5 5 5 5 5 5 5 5 5 5 5 5 -11 -11 -11 -11 -11 -11 -11 -11 -11 -11 -23 -23 -23 -23 -23 -23 -23 -23 -23 -23 -23 x x x x x -24 -24 -24 -24 -24 -24 -24 -24 -24 -24 -24 -24 -24 -24 -24 5 5 5 5 5 5 5 5 5 5 5 5 5 5 5 7 7 7 7 7 7 7 7 7 7 8 8 8 8 8 8 8 8 8 8 8 8 8 8 8 8 8 8 8 8 8 7 7 8 8 8 8 8 8 8 8 8 8 8 8 8 8 8 8 8 8 8 8 8 8 8 8 8 8 8 8 8 8 8 8 8 7 7 7 7 7 7 7 9 9 9 9 9 9 9 9 9 9 9 9 9 9 9 9 9 9 9 9 9 9 9 9 9 9 9 9 9 9 9 5 5 5 5 5 5 5 10 10 10 10 10 10 10 10 10 10 10 10 10 10 10 10 10 10 10 10 8 8 8 15 15 15 15 15 15 15 15 15 15 15 15 15 15 15 24 24 24 24 24 24 24 24 24 24 24 24 24 24 24 24 24 24 24 24 22 22 22 22 22 22 -21 -21 -21 -21 -21 -21 -21 -21 -21 -21 -21 -21 -21 -21 -21 x x x x x x x x x x x x x x x x x x x x x x x x x x x x x x x x x x x x x x x x x
x x x x x x x x x x x x x x x x x x x x x x x x x x x x x x x x x x x x x x x x x x x x x x x x x x x x x x x x x x x x x -24 -24 -24 -24 -24 -24 -24 -24 -24 -24 -24 -24 -24 -24 -24 -24 5 5 5 5 5 5 5 5 5 5 5 5 5 5 8 8 8 8 8 8 8 8 8 8 8 8 8 8 8 8 8 8 8 8 8 8 8 8 8 9 9 9 9 9 9 9 9 9 9 9 9 9 9 9 9 9 9 9 6 6 6 6 6 6 6 8 8 8 8 8 8 8 8 8 8 8 8 8 8 8 6 6 6 6 6 6 6 6 6 6 9 9 9 9 9 9 9 9 9 9 9 9 9 9 9 9 9 5 5 5 5 5 5 5 5 5 5 5 5 5 5 5 -11 -11 -11 -11 -11 -11 -11 -11 -11 -11 -23 -23 -23 -23 -23 -23 -23 -23 -23 -23 -23 x x x x -24 -24 -24 -24 -24 -24 -24 -24 -24 -24 -24 -24 -24 -24 -24 -24 5 5 5 5 5 5 5 5 5 5 5 5 5 5 5 5 7 7 7 7 7 7 7 7 7 8 8 8 8 8 8 8 8 8 8 8 8 8 8 8 8 8 8 8 8 7 7 7 8 8 8 8 8 8 8 8 8 8 8 8 8 8 8 8 8 8 8 8 8 8 8 8 8 8 8 8 8 8 8 8 8 7 7 7 7 7 7 7 9 9 9 9 9 9 9 9 9 9 9 9 9 9 9 9 9 9 9 9 9 9 9 9 9 9 9 9 9 9 9 5 5 5 5 5 5 10 10 10 10 10 10 10 10 10 10 10 10 10 10 10 10 10 10 10 10 8 8 15 15 15 15 15 15 15 15 15 15 15 15 15 15 15 15 15 24 24 24 24 24 24 24 24 24 24 24 24 24 24 24 24 24 24 24 24 22 22 22 22 22 22 22 -21 -21 -21 -21 -21 -21 -21 -21 -21 -21 -21 -21 -21 -21 -21 x x x x x x x x x x x x x x x x x x x x x x x x x x x x x x x x x x x x x x x x
x x x x x x x x x x x x x x x x x x x x x x x x x x x x x x x x x x x x x x x x x x x x x x x x x x x x x x x x x x x x x x -24 -24 -24 -24 -24 -24 -24 -24 -24 -24 -24 -24 -24 -24 -24 5 5 5 5 5 5 5 5 5 5 5 5 5 8 8 8 8 8 8 8 8 8 8 8 8 8 8 8 8 8 8 8 8 8 8 8 8 8 8 9 9 9 9 9 9 9 9 9 9 9 9 9 9 9 9 9 9 9 9 6 6 6 6 6 6 6 8 8 8 8 8 8 8 8 8 8 8 8 8 5 5 6 6 6 6 6 6 6 6 9 9 9 9 9 9 9 9 9 9 9 9 9 9 9 9 9 9 9 9 5 5 5 5 5 5 5 5 5 5 5 5 5 -11 -11 -11 -11 -11 -11 -11 -11 -11 -11 -11 -23 -23 -23 -23 -23 -23 -23 -23 -23 -23 -23 x x x -24 -24 -24 -24 -24 -24 -24 -24 -24 -24 -24 -24 -24 -24 -24 -24 5 5 5 5 5 5 5 5 5 5 5 5 5 5 5 5 5 7 7 7 7 7 7 7 7 8 8 8 8 8 8 8 8 8 8 8 8 8 8 8 8 8 8 8 8 7 7 7 7 7 8 8 8 8 8 8 8 8 8 8 8 8 8 8 8 8 8 8 8 8 8 8 8 8 8 8 8 8 8 8 8 8 7 7 7 7 7 7 9 9 9 9 9 9 9 9 9 9 9 9 9 9 9 9 9 9 9 9 9 9 9 9 9 9 9 9 9 9 9 5 5 5 5 5 5 10 10 10 10 10 10 10 10 10 10 10 10 10 10 10 10 10 10 10 10 15 15 15 15 15 15 15 15 15 15 15 15 15 15 15 15 15 15 15 24 24 24 24 24 24 24 24 24 24 24 24 24 24 24 24 24 24 24 24 22 22 22 22 22 22 22 -21 -21 -21 -21 -21 -21 -21 -21 -21 -21 -21 -21 -21 -21 -21 x x x x x x x x x x x x x x x x x x x x x x x x x x x x x x x x x x x x x x x x
x x x x x x x x x x x x x x x x x x x x x x x x x x x x x x x x x x x x x x x x x x x x x x x x x x x x x x x x x x x x x x -24 -24 -24 -24 -24 -24 -24 -24 -24 -24 -24 -24 -24 -24 -24 5 5 5 5 5 5 5 5 5 5 5 5 5 8 8 8 8 8 8 8 8 8 8 8 8 8 8 8 8 8 8 8 8 8 8 8 8 8 9 9 9 9 9 9 9 9 9 9 9 9 9 9 9 9 9 9 9 9 9 9 9 6 6 6 6 6 6 8 8 8 8 8 8 8 8 8 8 8 5 5 5 6 6 6 6 6 6 6 6 9 9 9 9 9 9 9 9 9 9 9 9 9 9 9 9 9 9 9 9 9 5 5 5 5 5 5 5 5 5 5 5 5 -11 -11 -11 -11 -11 -11 -11 -11 -11 -11 -11 -23 -23 -23 -23 -23 -23 -23 -23 -23 -23 -23 x x x x -24 -24 -24 -24 -24 -24 -24 -24 -24 -24 -24 -24 -24 -24 -24 5 5 5 5 5 5 5 5 5 5 5 5 5 5 5 5 5 5 7 7 7 7 7 7 7 8 8 8 8 8 8 8 8 8 8 8 8 8 8 8 8 8 8 8 8 7 7 7 7 7 7 7 7 8 8 8 8 8 8 8 8 8 8 8 8 8 8 8 8 8 8 8 8 8 8 8 8 8 8 8 8 8 7 7 7 7 7 7 9 9 9 9 9 9 9 9 9 9 9 9 9 9 9 9 9 9 9 9 9 9 9 9 9 9 9 9 9 9 9 9 5 5 5 5 5 10 10 10 10 10 10 10 10 10 10 10 10 10 10 10 10 10 10 10 10 15 15 15 15 15 15 15 15 15 15 15 15 15 15 15 15 15 15 15 24 24 24 24 24 24 24 24 24 24 24 24 24 24 24 24 24 24 24 24 22 22 22 22 22 22 22 22 -21 -21 -21 -21 -21 -21 -21 -21 -21 -21 -21 -21 -21 -21 x x x x x x x x x x x x x x x x x x x x x x x x x x x x x x x x x x x x x x x x
x x x x x x x x x x x x x x x x x x x x x x x x x x x x x x x x x x x x x x x x x x x x x x x x x x x x x x x x x x x x x x -24 -24 -24 -24 -24 -24 -24 -24 -24 -24 -24 -24 -24 -24 -24 5 5 5 5 5 5 5 5 5 5 5 5 8 8 8 8 8 8 8 8 8 8 8 8 8 8 8 8 8 8 8 8 8 8 8 8 8 9 9 9 9 9 9 9 9 9 9 9 9 9 9 9 9 9 9 9 9 9 9 9 9 9 6 6 6 6 6 6 8 8 8 8 8 8 8 8 5 5 5 5 5 5 6 6 6 6 6 6 9 9 9 9 9 9 9 9 9 9 9 9 9 9 9 9 9 9 9 9 9 9 9 9 5 5 5 5 5 5 5 5 5 5 -11 -11 -11 -11 -11 -11 -11 -11 -11 -11 -11 -23 -23 -23 -23 -23 -23 -23 -23 -23 -23 -23 x x x x -24 -24 -24 -24 -24 -24 -24 -24 -24 -24 -24 -24 -24 -24 -24 5 5 5 5 5 5 5 5 5 5 5 5 5 5 5 5 5 5 5 7 7 7 7 7 7 8 8 8 8 8 8 8 8 8 8 8 8 8 8 8 8 8 8 8 8 7 7 7 7 7 7 7 7 7 7 7 8 8 8 8 8 8 8 8 8 8 8 8 8 8 8 8 8 8 8 8 8 8 8 8 8 8 7 7 7 7 7 7 9 9 9 9 9 9 9 9 9 9 9 9 9 9 9 9 9 9 9 9 9 9 9 9 9 9 9 9 9 9 9 9 5 5 5 5 10 10 10 10 10 10 10 10 10 10 10 10 10 10 10 10 10 10 10 10 8 8 15 15 15 15 15 15 15 15 15 15 15 15 15 15 15 15 15 24 24 24 24 24 24 24 24 24 24 24 24 24 24 24 24 24 24 24 24 24 22 22 22 22 22 22 22 22 22 -21 -21 -21 -21 -21 -21 -21 -21 -21 -21 -21 -21 -21 -21 x x x x x x x x x x x x x x x x x x x x x x x x x x x x x x x x x x x x x x x
x x x x x x x x x x x x x x x x x x x x x x x x x x x x x x x x x x x x x x x x x x x x x x x x x x x x x x -25 x x -26 -26 x x x x -24 -24 -24 -24 -24 -24 -24 -24 -24 -24 -24 -24 -24 -24 5 5 5 5 5 5 5 5 5 5 5 8 8 8 8 8 8 8 8 8 8 8 8 8 8 8 8 8 8 8 8 8 8 8 8 8 9 9 9 9 9 9 9 9 9 9 9 9 9 9 9 9 9 9 9 9 9 9 9 9 9 9 9 6 6 6 6 6 8 8 8 8 8 8 8 5 5 5 5 5 5 5 5 6 6 6 6 9 9 9 9 9 9 9 9 9 9 9 9 9 9 9 9 9 9 9 9 9 9 9 9 5 5 5 5 5 5 5 5 5 5 5 -11 -11 -11 -11 -11 -11 -11 -11 -11 -11 -11 -23 -23 -23 -23 -23 -23 -23 -23 -23 -23 -23 x x x x x -24 -24 -24 -24 -24 -24 -24 -24 -24 -24 -24 -24 -24 -24 5 5 5 5 5 5 5 5 5 5 5 5 5 5 5 5 5 5 5 5 7 7 7 7 7 8 8 8 8 8 8 8 8 8 8 8 8 8 8 8 8 8 8 8 8 7 7 7 7 7 7 7 7 7 7 7 7 7 7 8 8 8 8 8 8 8 8 8 8 8 8 8 8 8 8 8 8 8 8 8 8 8 8 7 7 7 7 7 9 9 9 9 9 9 9 9 9 9 9 9 9 9 9 9 9 9 9 9 9 9 9 9 9 9 9 9 9 9 9 9 9 5 5 5 10 10 10 10 10 10 10 10 10 10 10 10 10 10 10 10 10 10 10 10 8 8 15 15 15 15 15 15 15 15 15 15 15 15 15 15 15 15 15 24 24 24 24 24 24 24 24 24 24 24 24 24 24 24 24 24 24 24 24 24 22 22 22 22 22 22 22 22 22 22 -21 -21 -21 -21 -21 -21 -21 -21 -21 -21 -21 -21 -21 x x x x x x x x x x x x x x x x x x x x x x x x x x x x x x x x x x x x x x x
x x x x x x x x x x x x x x x x x x x x x x x x x x x x x x x x x x x x x x x x x x x x x x x x x x x x -25 -25 -25 x -26 -26 -26 -26 x x x -24 -24 -24 -24 -24 -24 -24 -24 -24 -24 -24 -24 -24 -24 5 5 5 5 5 10 10 10 5 5 5 8 8 8 8 8 8 8 8 8 8 8 8 8 8 8 8 8 8 8 8 8 8 8 8 9 9 9 9 9 9 9 9 9 9 9 9 9 9 9 9 9 9 9 9 9 9 9 9 9 9 9 9 6 6 6 6 6 6 8 8 8 8 8 5 5 5 5 5 5 5 5 5 5 6 6 9 9 9 9 9 9 9 9 9 9 9 9 9 9 9 9 9 9 9 9 9 9 9 9 9 5 5 5 5 5 5 5 5 5 5 5 -11 -11 -11 -11 -11 -11 -11 -11 -11 -11 -11 -23 -23 -23 -23 -23 -23 -23 -23 -23 -23 -23 x x x x x -24 -24 -24 -24 -24 -24 -24 -24 -24 -24 -24 -24 -24 -24 5 5 5 5 5 5 5 5 5 5 5 5 5 5 5 5 5 5 5 5 5 7 7 7 8 8 8 8 8 8 8 8 8 8 8 8 8 8 8 8 8 8 8 8 7 7 7 7 7 7 7 7 7 7 7 7 7 7 7 7 8 8 8 8 8 8 8 8 8 8 8 8 8 8 8 8 8 8 8 8 8 8 8 7 7 7 7 9 9 9 9 9 9 9 9 9 9 9 9 9 9 9 9 9 9 9 9 9 9 9 9 9 9 9 9 9 9 9 9 9 9 5 5 5 10 10 10 10 10 10 10 10 10 10 10 10 10 10 10 10 10 10 10 10 8 8 8 15 15 15 15 15 15 15 15 15 15 15 15 15 15 15 15 24 24 24 43 43 24 24 24 24 24 24 24 24 24 24 24 24 24 24 24 24 22 22 22 22 22 22 22 22 22 22 -21 -21 -21 -21 -21 -21 -21 -21 -21 -21 -21 -21 -21 x x x x x x x x x x x x x x x x x x x x x x x x x x x x x x x x x x x x x x x
x x x x x x x x x x x x x x x x x x x x x x x x x x x x x x x x x x x x x x x x x x x x x x x x x x -25 -25 -25 -25 -25 -25 -26 -26 -26 -26 -26 -26 x -24 -24 -24 -24 -24 -24 -24 -24 -24 -24 -24 -24 -24 -15 5 5 5 5 5 10 10 10 10 10 8 8 8 8 8 8 8 8 8 8 8 8 8 8 8 8 8 8 8 8 8 8 8 8 9 9 9 9 9 9 9 9 9 9 9 9 9 9 9 9 9 9 9 9 9 9 9 9 9 9 9 9 6 6 6 6 6 6 6 6 8 8 5 5 5 5 5 5 5 5 5 5 5 5 6 6 9 9 9 9 9 9 9 9 9 9 9 9 9 9 9 9 9 9 9 9 9 9 9 9 5 5 5 5 5 5 5 5 5 5 5 -11 -11 -11 -11 -11 -11 -11 -11 -11 -11 -11 -11 -23 -23 -23 -23 -23 -23 -23 -23 -23 -23 -23 x x x x x -24 -24 -24 -24 -24 -24 -24 -24 -24 -24 -24 -16 -16 -16 5 5 5 5 5 5 5 5 5 5 5 5 5 5 5 5 5 5 5 5 5 7 7 1 8 8 8 8 8 8 8 8 8 8 8 8 8 8 8 8 9 9 9 8 7 7 7 7 7 7 7 7 7 7 7 7 7 7 8 8 6 8 8 8 8 8 8 8 8 8 8 8 8 8 8 8 8 8 8 8 8 8 8 8 7 7 7 9 9 9 9 9 9 9 9 9 9 9 9 9 9 9 9 9 9 9 9 9 9 9 9 9 9 9 9 9 9 9 9 9 9 5 5 10 10 10 10 10 10 10 10 10 10 10 10 10 10 10 10 10 10 10 10 8 8 8 8 15 15 15 15 15 15 15 15 15 15 15 15 15 15 15 15 24 24 24 43 43 43 43 43 24 24 24 24 24 24 24 24 24 24 24 24 24 22 22 22 22 22 22 22 22 22 22 22 -21 -21 -21 -21 -21 -21 -21 -21 -21 -21 -21 -21 -21 x x x x x x x x x x x x x x x x x x x x x x x x x x x x x x x x x x x x x x
x x x x x x x x x x x x x x x x x x x x x x x x x x x x x x x x x x x x x x x x x x x x x x x x -25 -25 -25 -25 -25 -25 -25 -25 -26 -26 -26 -26 -26 -26 -26 -26 -24 -24 -24 -24 -24 -24 -24 -24 -24 -24 -24 -15 -15 5 5 5 5 10 10 10 10 10 10 10 10 8 8 8 8 8 8 8 8 8 8 8 8 8 8 8 8 8 8 8 8 8 9 9 9 9 9 9 9 9 9 9 9 9 9 9 9 9 9 9 9 9 9 9 9 9 9 9 9 9 7 7 7 6 6 6 6 6 6 6 5 5 5 5 5 5 5 5 5 5 5 5 5 5 9 9 9 9 9 9 9 9 9 9 9 9 9 9 9 9 9 9 9 9 9 9 9 9 5 5 5 5 5 5 5 5 5 5 5 5 -11 -11 -11 -11 -11 -11 -11 -11 -11 -11 -11 -11 -11 -23 -23 -23 -23 -23 -23 -23 -23 -23 -23 x x x x x x -24 -24 -24 -24 -24 -24 -24 -16 -16 -16 -16 -16 -16 -16 5 5 5 5 5 5 5 5 5 5 5 5 5 5 5 5 5 5 5 5 1 1 1 8 8 8 8 8 8 8 8 8 8 8 8 8 8 8 8 9 9 9 9 9 9 9 7 7 7 7 7 7 7 7 7 7 8 8 8 8 8 8 8 8 8 8 8 8 8 8 8 8 8 8 8 8 8 8 8 8 8 8 8 7 7 7 9 9 9 9 9 9 9 9 9 9 9 9 9 9 9 9 9 9 9 9 9 9 9 9 9 9 9 9 9 9 9 9 9 9 9 5 10 10 10 10 10 10 10 10 10 10 10 10 10 10 10 10 10 10 10 10 8 8 8 8 9 15 15 15 15 15 15 15 15 15 15 15 15 15 15 15 24 24 43 43 43 43 43 43 43 43 24 24 24 24 24 24 24 24 24 55 24 22 22 22 22 22 22 22 22 22 22 22 22 6 6 6 6 6 6 6 6 6 6 6 6 x x x x x x x x x -25 -25 -25 x x x x x x x x x x x x x x x x x x x x x x x x x x
x x x x x x x x x x x x x x x x x x x x x x x x x x x x x x x x x x x x x x x x x x x x x x -25 -25 -25 -25 -25 -25 -25 -25 -25 -25 -25 -26 -26 -26 -26 -26 -26 -26 -24 -24 -24 -24 -24 -24 -24 -24 -24 -24 -15 -15 -15 5 5 5 5 10 10 10 10 10 10 10 10 10 8 8 8 8 8 8 8 8 8 8 8 8 8 8 8 8 8 8 8 8 8 9 9 9 9 9 9 9 9 9 9 9 9 9 9 9 9 9 9 9 9 9 9 9 9 9 9 7 7 7 7 7 6 6 6 6 6 6 5 5 5 5 5 5 5 5 5 5 5 5 5 9 9 9 9 9 9 9 9 9 9 9 9 9 9 9 9 9 9 9 9 9 9 9 9 9 5 5 5 5 5 5 5 5 5 5 5 5 -11 -11 -11 -11 -11 -11 -11 -11 -11 -11 -11 -11 -11 -23 -23 -23 -23 -23 -23 -23 -23 -23 -23 -23 x x x x x -24 -24 -24 -16 -16 -16 -16 -16 -16 -16 -16 -16 -16 -16 5 5 5 5 5 5 5 5 5 5 5 5 5 5 5 5 5 5 5 5 1 1 1 8 8 8 8 8 8 8 8 8 8 8 8 8 8 8 8 9 9 9 9 9 9 9 9 9 9 7 7 7 7 7 7 8 8 8 8 8 8 8 8 8 8 8 8 8 8 8 8 8 8 8 8 9 9 9 8 8 8 8 8 7 7 7 9 9 9 9 9 9 9 9 9 9 9 9 9 9 9 9 9 9 9 9 9 9 9 9 9 9 9 9 9 9 9 9 9 9 9 10 10 10 10 10 10 10 10 10 10 10 10 10 10 10 10 10 10 10 10 10 8 8 8 9 9 15 15 15 15 15 15 15 15 15 15 15 15 15 15 15 24 24 43 43 43 43 43 43 43 43 43 43 24 24 24 24 24 24 55 55 55 55 22 22 22 22 22 22 22 22 22 22 22 22 6 6 6 6 6 6 6 6 6 6 6 x x x x x -25 -25 -25 -25 -25 -25 -25 x x x x x x x x x x x x x x x x x x x x x x x x x x
x x x x x x x x x x x x x x x x x x x x x x x x x x x x x x x x x x x x x x x x x x x x -25 -25 -25 -25 -25 -25 -25 -25 -25 -25 -25 -25 -25 -26 -26 -26 -26 -26 -26 -26 -24 -24 -24 -24 -24 -24 -24 -24 -15 -15 -15 -15 5 5 5 5 10 10 10 10 10 10 10 10 10 10 10 10 8 8 8 8 8 8 8 8 8 8 8 8 8 8 8 8 8 8 8 8 8 9 9 9 9 9 9 9 9 9 9 9 9 9 9 9 9 9 9 9 9 9 9 9 7 7 7 7 7 7 7 7 6 6 6 6 5 5 5 5 5 5 5 5 5 5 5 5 5 5 4 9 9 9 9 9 9 9 9 9 9 9 9 9 9 9 9 9 9 9 9 9 9 7 5 5 5 5 5 5 5 5 5 5 5 5 -11 -11 -11 -11 -11 -11 -11 -11 -11 -11 -11 -11 -11 -14 -23 -23 -23 -23 -23 -23 -23 -23 -23 -23 x x x x x -16 -16 -16 -16 -16 -16 -16 -16 -16 -16 -16 -16 -16 -16 5 5 5 5 5 5 5 5 5 5 5 5 5 5 5 5 5 5 5 5 1 1 1 8 8 8 8 8 8 8 8 8 8 8 8 8 8 8 8 9 9 9 9 9 9 9 9 9 9 9 9 9 9 7 7 8 8 8 8 8 8 8 8 8 8 8 8 8 8 8 8 9 9 9 9 9 9 9 8 8 8 8 8 8 7 7 9 9 9 9 9 9 9 9 9 9 9 9 9 9 9 9 9 9 9 9 9 9 9 9 9 9 9 9 9 9 9 9 9 9 9 10 10 10 10 10 10 10 10 10 10 10 10 10 10 10 10 10 10 10 10 8 8 9 9 9 9 9 15 15 15 15 15 15 15 15 15 15 15 15 15 15 32 43 43 43 43 43 43 43 43 43 43 43 43 43 43 24 24 24 55 55 55 55 55 55 22 22 22 22 22 22 22 22 22 22 6 6 6 6 6 6 6 6 6 6 6 -21 -25 -25 -25 -25 -25 -25 -25 -25 -25 -25 -25 x x x x x x x x x x x x x x x x x x x x x x x x x x
x x x x x x x x x x x x x x x x x x x x x x x x x x x x x x x x x x x x x x x x x x -25 -25 -25 -25 -25 -25 -25 -25 -25 -25 -25 -25 -25 -25 -25 -25 -26 -26 -26 -26 -26 -26 -24 -24 -24 -24 -24 -24 -24 -15 -15 -15 -15 -15 5 5 5 10 10 10 10 10 10 10 10 10 10 10 10 10 10 10 8 8 8 8 8 8 8 8 8 8 8 8 8 8 8 8 8 8 8 8 9 9 9 9 9 9 9 9 9 9 9 9 9 9 9 9 9 9 9 9 9 7 7 7 7 7 7 7 7 7 7 7 6 6 5 5 5 5 5 5 5 5 5 5 5 5 5 5 4 4 9 9 9 9 9 9 9 9 9 9 9 9 9 9 9 9 9 9 9 9 7 7 5 5 5 5 5 5 7 7 7 7 7 7 -11 -11 -11 -11 -11 -11 -11 -11 -11 -11 -11 -11 -11 -14 -14 -14 -23 -23 -23 -23 -23 -23 -23 -23 -26 -26 -16 -16 -16 -16 -16 -16 -16 -16 -16 -16 -16 -16 -16 -16 -16 -16 -16 5 5 5 5 5 5 5 5 5 5 5 5 5 5 5 5 5 5 5 5 1 1 1 8 8 8 8 8 8 8 8 8 8 8 8 8 8 8 9 9 9 9 9 9 9 9 9 9 9 9 9 9 9 9 9 9 9 8 8 8 8 8 8 8 8 8 8 9 9 9 9 9 9 9 9 9 9 9 8 8 8 8 8 8 7 7 9 9 9 9 9 9 9 9 9 9 9 9 9 9 9 9 9 9 9 9 9 9 9 9 9 9 9 9 9 9 9 9 9 9 9 10 10 10 10 10 10 10 10 10 10 10 10 10 10 10 10 10 10 10 10 8 9 9 9 9 9 9 15 15 15 15 15 15 15 15 15 15 32 32 32 32 32 43 43 43 43 43 43 43 43 43 43 43 43 43 43 43 43 55 55 55 55 55 55 55 55 55 22 22 22 22 22 22 22 6 6 6 6 6 6 6 6 6 6 6 6 -21 -25 -25 -25 -25 -25 -25 -25 -25 -25 -25 -25 -25 x x x x x x x x x x x x x x x x x x x x x x x x x
x x x x x x x x x x x x x x x x x x x x x x x x x x x x x x x x x x x x x x x x -25 -25 -25 -25 -25 -25 -25 -25 -25 -25 -25 -25 -25 -25 -25 -25 -25 -25 -26 -26 -26 -26 -26 -26 -26 -24 -24 -24 -24 -24 -15 -15 -15 -15 -15 -15 5 5 5 10 10 10 10 10 10 10 10 10 10 10 10 10 10 10 10 10 8 8 8 8 8 8 8 8 8 8 8 8 8 8 8 8 8 8 8 9 9 9 9 9 9 9 9 9 9 9 9 9 9 9 9 9 9 9 7 7 7 7 7 7 7 7 7 7 7 7 7 6 6 5 5 5 5 5 5 5 5 5 5 5 5 5 5 4 4 7 9 9 9 9 9 9 9 9 9 9 9 9 9 9 9 9 9 9 7 7 5 5 5 5 5 5 7 7 7 7 7 7 7 7 7 7 7 7 7 -11 -11 -11 -11 -11 -11 -14 -14 -14 -14 -14 -14 -23 -23 -23 -23 -23 -26 -26 -26 -16 -16 -16 -16 -16 -16 -16 -16 -16 -16 -16 -16 -16 -16 -16 -16 5 5 5 5 5 5 5 5 5 5 5 5 5 5 5 5 5 5 5 5 1 1 8 8 8 8 8 8 8 8 8 8 8 8 8 8 8 8 9 9 9 9 9 9 9 9 9 9 9 9 9 9 9 9 9 9 9 9 8 8 8 8 8 9 9 9 9 9 9 9 9 9 9 9 9 9 9 9 8 8 8 8 8 8 7 7 9 9 9 9 9 9 9 9 9 9 9 9 9 9 9 9 9 9 9 9 9 9 9 9 9 9 9 9 9 9 9 9 9 9 9 5 5 10 10 10 10 10 10 10 10 10 10 10 10 10 10 10 10 10 10 9 9 9 9 9 9 9 9 15 15 15 15 15 32 32 32 32 32 32 32 32 43 43 43 43 43 43 43 43 43 43 43 43 43 43 43 43 43 55 55 55 55 55 55 55 55 55 55 55 22 22 22 22 6 6 6 6 6 6 6 6 6 6 6 6 6 -21 -21 -25 -25 -25 -25 -25 -25 -25 -25 -25 -25 -25 x x x x x x x x x x x x x x x x x x x x x x x x x
x x x x x x x x x x x x x x x x x x x x x x x x x x x x x x x x x x x x x x x -25 -25 -25 -25 -25 -25 -25 -25 -25 -25 -25 -25 -25 -25 -25 -25 -25 -25 -25 -25 -26 -26 -26 -26 -26 -26 -24 -24 -24 -24 -15 -15 -15 -15 -15 -15 -15 5 5 10 10 10 10 10 10 10 10 10 10 10 10 10 10 10 10 10 10 10 8 8 8 8 8 8 8 8 8 8 8 8 8 8 8 8 8 8 8 9 9 9 9 9 9 9 9 9 9 9 9 9 9 9 9 9 9 7 7 7 7 7 7 7 7 7 7 7 7 7 7 7 5 5 5 5 5 5 5 5 5 5 5 5 5 5 4 4 7 7 9 9 9 9 9 9 9 9 9 9 9 9 9 9 9 9 7 7 7 5 5 5 5 5 7 7 7 7 7 7 7 7 7 7 7 7 7 7 7 7 7 7 7 -11 -11 -14 -14 -14 -14 -14 -14 -14 -23 -23 -23 -26 -26 -26 -16 -16 -16 -16 -16 -16 -16 -16 -16 -16 -16 -16 -16 -16 -16 -16 5 5 5 5 5 5 5 5 5 5 5 5 5 5 5 5 5 5 5 5 1 1 8 8 8 8 8 8 8 8 8 8 8 8 8 8 8 8 9 9 9 9 9 9 9 9 9 9 9 9 9 9 9 9 9 9 9 9 8 9 9 9 9 9 9 9 9 9 9 9 9 9 9 9 9 9 9 9 9 8 8 7 7 7 7 7 9 9 9 9 9 9 9 9 9 9 9 9 9 9 9 9 9 9 9 9 9 9 9 9 9 9 9 9 9 9 9 9 5 5 5 5 8 8 8 10 10 10 10 10 10 10 10 10 10 10 10 10 10 10 9 9 9 9 9 9 9 9 9 15 32 32 32 32 32 32 32 32 32 32 32 32 43 43 43 43 43 43 43 43 43 43 43 43 43 43 43 43 55 55 55 55 55 55 55 55 55 55 55 55 55 55 22 6 6 6 6 6 6 6 6 6 6 6 6 6 6 -25 -25 -25 -25 -25 -25 -25 -25 -25 -25 -25 -25 -25 x x x x x x x x x x x x x x x x x x x x x x x x x
x x x x x x x x x x x x x x x x x x x x x x x x x x x x x x x x x x x x x x x -25 -25 -25 -25 -25 -25 -25 -25 -25 -25 -25 -25 -25 -25 -25 -25 -25 -25 -25 -25 -26 -26 -26 -26 -26 -26 -24 -24 -24 -15 -15 -15 -15 -15 -15 -15 -15 5 5 10 10 10 10 10 10 10 10 10 10 10 10 10 10 10 10 10 10 10 10 10 8 8 8 8 8 8 8 8 8 8 8 8 8 8 8 8 8 8 9 9 9 9 9 9 9 9 9 9 9 9 9 9 9 9 7 7 7 7 7 7 7 7 7 7 7 7 7 7 7 7 7 7 5 5 5 5 5 5 5 5 5 5 5 5 4 4 7 7 7 7 9 9 9 9 9 9 9 9 9 9 9 9 9 7 7 7 7 5 5 5 5 5 7 7 7 7 7 7 7 7 7 7 7 7 7 7 7 7 7 7 7 -11 -11 -14 -14 -14 -14 -14 -14 -14 -14 -14 -14 -26 -26 -26 -16 -16 -16 -16 -16 -16 -16 -16 -16 -16 -16 -16 -16 -16 -16 -16 5 5 5 5 5 5 5 5 5 5 5 5 5 5 5 5 5 5 5 5 1 1 1 1 1 1 1 8 8 8 8 8 8 8 8 8 8 8 9 9 9 9 9 9 9 9 9 9 9 9 9 9 9 9 9 9 9 8 9 9 9 9 9 9 9 9 9 9 9 9 9 9 9 9 9 9 9 9 9 7 7 7 7 7 7 7 9 9 9 9 9 9 9 9 9 9 9 9 9 9 9 9 9 9 9 9 9 9 9 9 9 9 9 9 9 5 5 5 5 5 5 5 8 8 8 8 8 8 10 10 10 10 10 10 10 10 10 10 10 10 9 9 9 9 9 9 9 32 32 32 32 32 32 32 32 32 32 32 32 32 32 32 43 43 43 43 43 43 43 43 43 43 43 43 43 43 43 43 55 55 55 55 55 55 55 55 55 55 55 55 55 55 55 55 6 6 6 6 6 6 6 6 6 6 6 6 6 -25 -25 -25 -25 -25 -25 -25 -25 -25 -25 -25 -25 -25 x x x x x x x x x x x x x x x x x x x x x x x x x
x x x x x x x x x x x x x x x x x x x x x x x x x x x x x x x x x x x x x x x -25 -25 -25 -25 -25 -25 -25 -25 -25 -25 -25 -25 -25 -25 -25 -25 -25 -25 -25 -25 -25 -26 -26 -26 -26 -26 -26 -15 -15 -15 -15 -15 -15 -15 -15 -15 -15 5 10 10 10 10 10 10 10 10 10 10 10 10 10 10 10 10 10 10 10 10 10 10 10 8 8 8 8 8 8 8 8 8 8 8 8 8 8 8 8 8 8 9 9 9 9 9 9 9 9 9 9 9 9 9 9 7 7 7 7 7 7 7 7 7 7 7 7 7 7 7 7 7 7 7 5 5 5 5 5 5 5 5 5 4 4 4 4 4 7 7 7 7 7 9 9 9 9 9 9 9 9 9 9 9 9 7 7 7 7 5 5 5 5 5 7 7 7 7 7 7 7 7 7 7 7 7 7 7 7 7 7 7 7 -11 -11 -14 -14 -14 -14 -14 -14 -14 -14 -14 -14 -14 -14 -26 -26 -16 -16 -16 -16 -16 -16 -16 -16 -16 -16 -16 -16 -16 -16 -16 5 5 5 5 5 5 5 5 5 5 5 5 5 5 5 5 5 5 5 5 1 1 1 1 1 1 1 1 1 -15 -15 -15 -15 8 8 8 8 9 9 9 9 9 9 9 9 9 9 9 9 9 9 9 9 9 9 9 9 8 8 9 9 9 9 9 9 9 9 9 9 9 9 9 9 9 9 9 9 9 9 7 7 7 7 7 7 7 5 5 7 7 9 9 9 9 9 9 9 9 9 9 9 9 9 9 9 9 9 9 9 9 9 9 5 5 5 5 5 5 5 5 5 5 5 8 8 8 8 8 8 8 8 10 10 10 10 10 10 10 10 10 9 9 9 9 9 9 9 9 32 32 32 32 32 32 32 32 32 32 32 32 32 43 43 43 43 43 43 43 43 43 43 43 43 43 43 43 43 55 55 55 55 55 55 55 55 55 55 55 55 55 55 55 55 55 55 6 6 6 6 6 6 6 6 6 6 6 6 -25 -25 -25 -25 -25 -25 -25 -25 -25 -25 -25 -25 -25 -25 x x x x x x x x x x x x x x x x x x x x x x x x
x x x x x x x x x x x x x x x x x x x x x x x x x x x x x x x x x x x x x x x x -25 -25 -25 -25 -25 -25 -25 -25 -25 -25 -25 -25 -25 -25 -25 -25 -25 -25 -25 -25 -26 -26 -26 -26 -26 -15 -15 -15 -15 -15 -15 -15 -15 -15 -15 -15 5 10 10 10 10 10 10 10 10 10 10 10 10 10 10 10 10 10 10 10 10 10 10 8 8 8 8 8 8 8 8 8 8 8 8 8 8 8 8 8 8 8 8 9 9 9 9 9 9 9 9 9 9 9 9 7 7 7 7 7 7 7 7 7 7 7 7 7 7 7 7 7 7 7 5 5 5 5 5 5 4 4 4 4 4 4 4 4 4 7 7 7 7 7 7 9 9 9 9 9 9 9 9 9 9 7 7 7 7 7 5 5 5 5 5 7 7 7 7 7 7 7 7 7 7 7 7 7 7 7 7 7 7 -14 -14 -14 -14 -14 -14 -14 -14 -14 -14 -14 -14 -14 -14 -26 -26 -26 -16 -16 -16 -16 -16 -16 -16 -16 -16 -16 -16 -16 -16 -16 -16 5 5 5 5 5 5 5 5 5 5 5 5 5 5 5 5 5 5 5 5 1 1 1 1 1 1 1 1 -15 -15 -15 -15 -15 -15 -15 -15 -15 9 9 9 9 9 9 9 9 9 9 9 9 9 9 9 9 9 9 9 9 8 8 9 9 9 9 9 9 9 9 9 9 9 9 9 9 9 9 9 9 9 9 5 5 5 5 5 5 5 7 7 7 7 7 7 7 7 7 7 7 7 7 9 9 9 9 9 9 9 9 9 9 9 5 5 5 5 5 5 5 5 5 5 5 5 5 8 8 8 8 8 8 8 8 8 8 8 10 10 10 10 10 9 9 9 9 9 9 9 9 9 32 32 32 32 32 32 32 32 32 32 32 32 32 43 43 43 43 43 43 43 43 43 43 43 43 43 43 43 43 55 55 55 55 55 55 55 55 55 55 55 55 55 55 55 55 55 55 55 55 6 6 6 6 6 6 6 6 6 -25 -25 -25 -25 -25 -25 -25 -25 -25 -25 -25 -25 -25 -25 -25 x x x x x x x x x x x x x x x x x x x x x x x x
x x x x x x x x x x x x x x x x x x x x x x x x x x x x x x x x x x x x x x x x -25 -25 -25 -25 -25 -25 -25 -25 -25 -25 -25 -25 -25 -25 -25 -25 -25 -25 -25 -25 -25 -26 -26 -26 -15 -15 -15 -15 -15 -15 -15 -15 -15 -15 -15 -15 10 10 10 10 10 10 10 10 10 10 10 10 10 10 10 10 10 10 10 10 10 10 10 8 8 8 8 8 8 8 8 8 8 8 8 8 8 8 8 8 8 8 8 8 9 9 9 9 9 9 9 9 9 9 7 7 7 7 7 7 7 7 7 7 7 7 7 7 7 7 7 7 7 7 5 5 4 4 4 4 4 4 4 4 4 4 4 4 4 7 7 7 7 7 7 7 7 9 9 9 9 9 9 9 7 7 7 7 7 7 5 5 5 5 5 7 7 7 7 7 7 7 7 7 7 7 7 7 7 7 7 7 7 -14 -14 -14 -14 -14 -14 -14 -14 -14 -14 -14 -14 -14 -14 -26 -26 -26 -16 -16 -16 -16 -16 -16 -16 -16 -16 -16 -16 -16 -16 -16 -16 5 5 5 5 -16 -16 -16 -26 -26 -26 -26 -26 -26 -26 -26 -26 -26 -26 -26 -26 1 1 1 1 1 1 1 1 -15 -15 -15 -15 -15 -15 -15 -15 -15 9 9 9 9 9 9 9 9 9 9 9 9 9 9 9 9 9 9 9 9 8 8 9 9 9 9 9 9 9 9 9 9 9 9 9 9 9 9 9 9 9 9 9 5 5 5 5 5 7 7 7 7 7 7 7 9 7 7 7 7 7 7 7 7 7 7 9 9 9 9 4 5 5 5 5 5 5 5 5 5 5 5 5 5 5 5 8 8 8 8 8 8 8 8 8 8 8 9 9 9 10 10 9 9 9 9 9 9 9 9 9 32 32 32 32 32 32 32 32 32 32 32 37 43 43 43 43 43 43 43 43 43 43 43 43 43 43 43 43 55 55 55 55 55 55 55 55 55 55 55 55 55 55 55 55 55 55 55 55 55 6 6 6 6 6 6 6 6 6 -8 -8 -25 -25 -25 -25 -25 -25 -25 -25 -25 -25 -25 -25 -25 x x x x x x x x x x x x x x x x x x x x x x x x
x x x x x x x x x x x x x x x x x x x x x x x x x x x x x x x x x x x x x x x -28 x -25 -25 -25 -25 -25 -25 -25 -25 -25 -25 -25 -11 -11 -25 -25 -25 -25 -25 -25 -25 -26 -26 -15 -15 -15 -15 -15 -15 -15 -15 -15 -15 -15 -15 4 10 10 10 10 10 10 10 10 10 10 10 10 10 10 10 10 10 10 10 10 10 10 8 8 8 8 8 8 8 8 8 8 8 8 8 8 8 8 8 8 8 8 8 8 8 9 9 9 9 9 9 9 9 7 7 7 7 7 7 7 7 7 7 7 7 7 7 7 7 7 7 7 7 4 4 4 4 4 4 4 4 4 4 4 4 4 4 4 4 7 7 7 7 7 7 7 7 7 9 9 9 9 9 7 7 7 7 7 7 7 5 5 5 5 5 7 7 7 7 7 7 7 7 7 7 7 7 7 7 7 7 7 7 -14 -14 -14 -14 -14 -14 -14 -14 -14 -14 -14 -14 -14 -14 -26 -26 -26 -26 -16 -16 -16 -16 -16 -16 -16 -16 -16 -16 -16 -16 -16 -16 -16 -16 -16 -16 -16 -16 -16 -16 -26 -26 -26 -26 -26 -26 -26 -26 -26 -26 -26 -26 -28 -28 1 1 1 1 1 -15 -15 -15 -15 -15 -15 -15 -15 -15 -15 9 9 9 9 9 9 9 9 9 9 9 9 9 9 9 9 9 9 9 8 8 8 9 9 9 9 9 9 9 9 9 9 9 9 9 9 9 9 9 9 9 9 9 5 5 5 7 7 7 7 7 7 7 7 9 9 9 7 7 7 7 7 7 7 7 7 7 7 4 4 4 5 5 5 5 5 5 5 5 10 10 5 5 5 5 5 5 8 8 8 8 8 8 8 8 8 8 9 9 9 9 9 9 9 9 9 9 9 9 9 9 32 32 32 32 32 32 32 32 32 32 37 37 43 43 43 43 43 43 43 43 43 43 43 43 43 43 43 55 55 55 55 55 55 55 55 55 55 55 55 55 55 55 55 55 55 55 55 55 6 6 6 6 6 6 6 6 6 6 -8 -8 -8 -8 -25 -25 -25 -25 -25 -25 -24 -25 -25 -25 -25 x x x x x x x x x x x x x x x x x x x x x x x x
x x x x x x x x x x x x x x x x x x x x x x x x x x x x x x x x x x x x x -28 -28 -28 x -25 -25 -25 -25 -25 -25 -25 -25 -25 -11 -11 -11 -11 -11 -25 -25 -25 -25 -25 -25 -25 -15 -15 -15 -15 -15 -15 -15 -15 -15 -15 -15 4 4 10 10 10 10 10 10 10 10 10 10 10 10 10 10 10 10 10 10 10 10 10 10 10 8 8 8 8 8 8 8 8 8 8 8 8 8 8 8 8 8 8 8 8 8 8 8 8 9 9 9 9 9 9 7 7 7 7 7 7 7 7 7 7 7 7 7 7 7 7 7 7 7 7 4 4 4 4 4 4 4 4 4 4 4 4 4 4 4 4 4 7 7 7 7 7 7 7 7 7 7 7 9 9 9 7 7 7 7 7 7 7 5 5 5 5 5 7 7 7 7 7 7 7 7 7 7 7 7 7 7 7 7 7 7 -14 -14 -14 -14 -14 -14 -14 -14 -14 -14 2 2 -14 -26 -26 -26 -26 -26 -16 -16 -16 -16 -16 -16 -16 -16 -16 -16 -16 -16 -16 -16 -16 -16 -16 -16 -16 -16 -16 -16 -26 -26 -26 -26 -26 -26 -26 -26 -26 -26 -26 -28 -28 -28 -15 -15 1 1 1 -15 -15 -15 -15 -15 -15 -15 -15 -15 9 9 9 9 9 9 9 9 9 9 9 9 9 9 9 9 9 9 9 9 8 8 8 8 9 9 9 9 9 9 9 9 9 9 9 9 9 9 9 9 9 9 9 9 5 5 5 5 7 7 7 7 7 7 9 9 9 9 9 9 7 7 7 7 7 7 7 7 7 5 5 5 4 5 5 5 5 5 5 10 10 10 10 10 10 5 5 5 8 8 8 8 8 8 8 8 8 8 8 9 9 9 9 9 9 9 9 9 9 9 9 9 9 32 32 32 32 32 32 32 37 37 37 43 43 43 43 43 43 43 43 43 43 43 43 43 43 43 43 55 55 55 55 55 55 55 75 75 55 55 55 55 55 55 55 55 55 55 55 55 6 6 6 6 6 6 6 6 6 6 -8 -8 -8 -8 -8 -25 -25 -25 -25 -24 -24 -24 -24 -25 -25 -25 x x x x x x x x x x x x x x x x x x x x x x x
x x x x x x x x x x x x x x x x x x x x x x x x x x x x x x x x x x x x -28 -28 -28 -28 -28 x -25 -25 -25 -25 -25 -25 -25 -11 -11 -11 -11 -11 -11 -25 -25 -25 -25 -25 -25 -25 -26 -15 -15 -15 -15 -15 -15 -15 -15 -15 4 4 10 10 10 10 10 10 10 10 10 10 10 10 10 10 10 10 10 10 10 10 10 10 10 10 10 8 8 8 8 8 8 8 8 8 8 8 8 8 8 8 8 8 8 8 8 8 8 8 8 9 9 9 9 7 7 7 7 7 7 7 7 7 7 7 7 7 7 7 7 7 7 7 7 7 4 4 4 4 4 7 7 7 7 7 7 4 4 4 4 4 4 7 7 7 7 7 7 7 7 7 7 7 7 9 7 7 7 7 7 7 7 7 5 5 5 5 7 7 7 7 7 7 7 7 7 7 7 7 7 8 8 8 8 7 7 -14 -14 -14 -14 -14 -14 -14 -14 -14 2 2 2 2 2 -26 -26 -26 -26 -16 -16 -16 -16 -16 -16 -16 -16 -16 -16 -16 -16 -16 -16 -16 -16 -16 -16 -16 -16 -16 -16 -26 -26 -26 -26 -26 -26 -26 -26 -26 -26 -26 -28 -28 -28 -15 -15 -15 -15 -15 -15 -15 -15 -15 -15 -15 -15 -15 -15 9 9 9 9 9 9 9 9 9 9 9 9 9 9 9 9 9 9 9 9 8 8 8 8 9 9 9 9 9 9 9 9 9 9 9 9 9 9 9 9 9 9 9 9 5 5 5 5 5 7 7 7 7 9 9 9 9 9 9 9 9 7 7 7 7 7 7 7 7 7 5 5 5 5 5 5 5 5 5 10 10 10 10 10 10 10 10 5 8 8 8 8 8 8 8 8 8 8 8 8 9 9 9 9 9 9 9 9 9 9 9 9 9 32 32 32 32 32 37 37 37 37 37 43 43 43 43 43 43 43 43 43 43 43 43 43 43 43 55 55 55 55 55 55 55 75 75 75 75 75 55 55 55 55 55 55 55 55 55 6 6 6 6 6 6 6 6 6 6 6 -8 -8 -8 -8 -8 -8 -25 -25 -25 -24 -24 -24 -24 -24 -24 -25 x x x x x x x x x x x x x x x x x x x x x x x
x x x x x x x x x x x x x x x x x x x x x x x x x x x x x x x x x x x -28 -28 -28 -28 -28 -28 -28 -25 -25 -25 -25 -25 -25 -11 -11 -11 -11 -11 -11 -11 -11 -25 -25 -25 -25 -25 -25 -26 -26 -15 -15 -15 -15 -15 -15 -15 4 4 4 10 10 10 10 10 10 10 10 10 10 10 10 10 10 10 10 10 10 10 10 10 10 10 10 10 10 10 10 10 8 8 8 8 8 8 8 8 8 8 8 8 8 8 8 8 8 8 8 8 8 9 9 7 7 7 7 7 7 7 7 7 7 7 7 7 7 7 7 7 7 7 7 7 7 7 7 7 7 7 7 7 7 7 7 7 4 4 4 4 4 4 7 7 7 7 7 7 7 7 7 7 7 7 7 7 7 7 7 7 7 7 7 5 5 5 5 7 7 7 7 7 7 7 7 7 7 8 8 8 8 8 8 8 7 7 -14 -14 -14 -14 -14 -14 -14 -14 -14 2 2 2 2 2 2 2 2 -26 -16 -16 -16 -16 -16 -16 -16 -16 -16 -16 -16 -16 -16 -16 -16 -16 -16 -16 -16 -16 -16 -16 -16 -26 -26 -26 -26 -26 -26 -26 -26 -26 -26 -28 -28 -15 -15 -15 -15 -15 -15 -15 -15 -15 -15 -15 -15 -15 -15 -15 9 9 9 9 9 9 9 9 9 9 9 9 9 9 9 9 9 9 9 9 8 8 8 8 9 9 9 9 9 9 9 9 9 9 9 9 9 9 9 9 9 9 9 9 9 5 5 5 5 7 7 7 7 9 9 9 9 9 9 9 9 9 7 7 7 7 7 7 7 7 7 5 5 5 5 5 5 5 10 10 10 10 10 10 10 10 10 10 10 10 8 8 8 8 8 8 8 8 8 8 9 9 9 9 9 9 9 9 9 9 9 9 9 32 32 32 37 37 37 37 37 37 37 43 43 43 43 43 43 43 43 43 43 43 43 43 43 43 64 64 64 64 64 55 75 75 75 75 75 75 75 55 55 55 55 55 55 55 55 6 6 50 50 50 6 6 6 6 6 6 -8 -8 -8 -8 -8 -8 -8 -8 -25 -24 -24 -24 -24 -24 -24 -24 -24 -24 x x x x x x x x x x x x x x x x x x x x x
x x x x x x x x x x x x x x x x x x x x x x x x x x x x x x x x x -28 -28 -28 -28 -28 -28 -28 -28 -28 -28 -25 -25 -25 -11 -11 -11 -11 -11 -11 0 0 0 0 -11 -25 -25 -25 -25 -25 -25 -26 -26 -15 -15 -15 -15 4 4 4 4 10 10 10 10 10 10 10 10 10 10 10 10 10 10 10 10 10 10 10 10 10 10 10 10 10 10 10 10 10 10 10 10 10 10 8 8 8 8 8 8 8 8 8 8 8 8 8 8 8 8 8 8 8 4 4 7 7 7 7 7 7 7 7 7 7 7 7 7 7 7 7 7 7 7 7 7 7 7 7 7 7 7 7 7 7 7 4 4 4 4 4 4 7 7 7 7 7 7 7 7 7 7 7 7 7 7 7 7 7 7 7 7 7 5 5 5 5 7 7 7 7 7 7 7 8 8 8 8 8 8 8 8 8 8 7 7 -14 -14 -14 -14 -14 -14 -14 -14 2 2 2 2 2 2 2 2 2 2 2 -16 -16 -16 -16 -16 -16 -16 -16 -16 -16 -16 -16 -16 -16 -16 -16 -16 -16 -16 -16 -16 -16 -26 -26 -26 -26 -26 -26 -26 -26 -26 -28 -28 -28 -15 -15 -15 -15 -15 -15 -15 -15 -15 -15 -15 -15 -15 -15 -15 9 9 9 9 9 9 9 9 9 9 9 9 9 9 9 9 9 9 9 8 8 8 8 8 9 9 9 9 9 9 9 9 9 9 9 9 9 9 9 9 9 9 9 9 9 5 5 5 5 5 7 7 9 9 9 9 9 9 9 9 9 9 9 9 7 7 7 7 7 7 7 5 5 5 5 5 5 5 10 10 10 10 10 10 10 10 10 10 10 10 10 10 8 8 8 8 8 8 8 8 8 9 9 9 9 9 9 9 9 9 9 9 9 32 32 37 37 37 37 37 37 37 43 43 43 43 43 43 43 43 43 43 64 64 64 64 64 64 64 64 64 64 64 55 75 75 75 75 75 75 75 75 55 55 55 55 55 55 6 6 50 50 50 50 6 6 6 6 6 6 -8 -8 -8 -8 -8 -8 -8 -8 -8 -24 -24 -24 -24 -24 -24 -24 -24 -24 -24 -24 x x x x x x x x x x x x x x x x x x x
x x x x x x x x x x x x x x x x x x x x x x x x x x x x x x x x -28 -28 -28 -28 -28 -28 -28 -28 -28 -28 -28 -25 -25 -11 -11 -11 -11 -11 -11 -11 0 0 0 0 0 0 0 0 0 0 0 -26 -26 -15 -15 -15 4 4 4 4 4 4 4 10 10 10 10 10 10 10 10 10 10 10 10 10 10 10 10 10 10 10 10 10 10 10 10 10 10 10 10 10 10 10 10 10 10 10 10 8 8 8 8 8 8 8 8 8 8 8 8 8 8 8 4 4 4 7 7 7 7 7 7 7 7 7 7 7 7 7 7 7 7 7 7 7 7 7 7 7 7 7 7 7 7 7 7 7 4 4 4 4 4 7 7 7 7 7 7 7 7 7 7 7 7 7 7 7 7 7 7 7 7 7 5 5 5 5 7 7 7 8 8 8 8 8 8 8 8 8 8 8 8 8 8 8 5 5 5 5 5 5 5 5 5 5 5 5 5 5 5 5 2 2 2 2 2 2 -16 -16 -16 -16 -16 -16 -16 -16 -16 -16 -16 -16 -16 -16 -16 -16 -16 -16 -16 -16 -26 -26 -26 -26 -26 -26 -26 -26 -26 -28 -28 -28 -28 -15 -15 -15 -15 -15 -15 -15 -15 -15 -15 -15 -15 -15 9 9 9 9 9 9 9 9 9 9 9 9 9 9 9 9 9 9 9 9 8 8 8 8 8 8 9 9 9 9 9 9 9 9 9 9 9 9 9 9 9 9 9 9 9 9 5 5 5 5 5 5 9 9 9 9 9 9 9 9 9 9 9 9 9 9 7 7 7 7 7 7 5 5 5 5 5 5 5 10 10 10 10 10 10 10 10 10 10 10 10 10 10 10 10 10 8 8 8 8 8 8 8 9 9 9 9 9 9 9 9 9 9 9 37 37 37 37 37 37 37 37 37 43 43 43 43 64 64 64 64 64 64 64 64 64 64 64 64 64 64 64 64 64 75 75 75 75 75 75 75 75 75 75 75 55 55 55 55 50 50 50 50 50 50 50 6 6 6 6 6 -8 -8 -8 -8 -8 -8 -8 -8 -8 -8 -24 -24 -24 -24 -24 -24 -24 -24 -24 -24 -24 -24 x x x x x x x x x x x x x x x x x
x x x x x x x x x x x x x x x x x x x x x x x x x x x x x x x -28 -28 -28 -28 -28 -28 -28 -28 -28 -28 -28 -28 -28 -11 -11 -11 -11 -11 -11 -11 -11 0 0 0 0 0 0 0 0 0 0 0 0 0 0 4 4 4 4 4 4 4 4 4 4 10 10 10 10 10 10 10 10 10 10 10 10 10 10 10 10 10 10 10 10 10 10 10 10 10 10 10 10 10 10 10 10 10 10 10 10 8 8 8 8 8 8 8 8 8 8 8 8 8 4 4 4 4 4 4 7 7 7 7 7 7 7 7 7 7 7 7 7 7 7 7 7 7 7 7 7 7 7 7 7 7 7 7 7 4 4 4 4 6 7 7 7 7 7 7 7 7 7 7 7 7 7 7 7 7 7 7 7 7 7 5 5 5 5 8 8 8 8 8 8 8 8 8 8 8 8 8 8 8 8 8 8 5 5 5 5 5 5 5 5 5 5 5 5 5 5 5 5 2 2 2 2 2 2 2 2 -16 -16 -16 -16 -16 -16 -16 -16 -16 -16 -16 -16 -16 -16 -16 -16 -16 -16 -26 -26 -26 -26 -26 -26 -26 -26 -28 -28 -28 -28 -28 -28 -15 -15 -15 -15 -15 -15 -15 -15 -15 -15 -15 -15 9 9 9 9 9 9 9 9 9 9 9 9 9 9 9 9 9 9 9 9 8 8 8 8 8 8 9 9 9 9 9 9 9 9 9 9 9 9 9 9 9 9 9 9 9 9 5 5 5 5 5 9 9 9 9 9 9 9 9 9 9 9 9 9 9 9 9 7 7 7 7 5 5 5 5 5 5 5 10 10 10 10 10 10 10 10 10 10 10 10 10 10 10 10 10 10 10 10 8 8 8 8 8 9 9 9 9 9 9 9 9 9 37 37 37 37 37 37 37 37 37 37 43 64 64 64 64 64 64 64 64 64 64 64 64 64 64 64 64 64 64 64 64 75 75 75 75 75 75 75 75 75 75 75 75 75 55 55 50 50 50 50 50 50 50 50 50 6 6 6 6 -8 -8 -8 -8 -8 -8 -8 -8 -8 -8 -8 -24 -24 -24 -24 -24 -24 -24 -24 -24 -24 -24 -24 -24 -24 x x x x x x x x x x x x x x
x x x x x x x x x x x x x x x x x x x x x x x x x x x x x -28 -28 -28 -28 -28 -28 -28 -28 -28 -28 -28 -28 -28 -11 -11 -11 -11 -11 -11 -11 -11 -11 -11 0 0 0 0 0 0 0 0 0 0 0 0 0 4 4 4 4 4 4 4 4 4 4 4 4 4 10 10 10 10 10 10 10 10 10 10 10 10 10 10 10 10 10 10 10 10 10 10 10 10 10 10 10 10 10 10 10 10 10 10 8 8 8 8 8 8 8 8 8 8 4 4 4 4 4 4 4 6 6 6 6 7 7 7 7 7 7 7 7 7 7 7 7 7 7 7 7 7 7 7 7 7 7 7 7 7 7 7 4 4 6 6 6 7 7 7 7 7 7 7 7 7 7 7 7 7 7 7 7 7 7 7 7 7 5 5 5 5 8 8 8 8 8 8 8 8 8 8 8 8 8 8 8 8 8 8 5 5 5 5 5 5 5 5 5 5 5 5 5 5 5 5 2 2 2 2 2 2 2 2 2 2 -16 -16 -16 -16 -16 -16 -16 -16 -16 -16 -16 -16 -16 -16 -26 -26 -26 -26 -26 -26 -26 -26 -26 -26 -28 -28 -28 -28 -28 -28 -23 -23 -15 -15 -15 -15 -15 -15 -15 -15 -15 -15 9 9 9 9 9 9 9 9 9 9 9 9 9 9 9 9 9 9 9 9 8 8 8 8 8 8 9 9 9 9 9 9 9 9 9 9 9 9 9 9 9 9 9 9 9 9 9 5 5 5 5 9 9 9 9 9 9 9 9 9 9 9 9 9 9 9 9 9 9 5 5 5 5 5 5 5 5 5 10 10 10 10 10 10 10 10 10 10 10 10 10 10 10 10 10 10 10 10 10 10 8 8 8 8 9 9 9 9 9 9 37 37 37 37 37 37 37 37 37 37 37 37 43 64 64 64 64 64 64 64 64 64 64 64 64 64 64 64 64 64 64 64 64 75 75 75 75 75 75 75 75 75 75 75 75 75 75 75 50 50 50 50 50 50 50 50 50 6 6 6 6 -8 -8 -8 -8 -8 -8 -8 -8 -8 -8 -8 -8 -8 -24 -24 -24 -24 -24 -24 -24 -24 -24 -24 -24 -24 -24 -24 x x x x x x x x x x x x
x x x x x x x x x x x x x x x x x x x x x x x x x x x x -28 -28 -28 -28 -28 -28 -28 -28 -28 -28 -28 -28 -28 -11 -11 -11 -11 -11 -11 -11 -11 -11 -11 -11 0 0 0 0 0 0 0 0 0 0 0 0 4 4 4 4 4 4 4 4 4 4 4 4 4 4 5 5 10 10 10 10 10 10 10 10 10 10 10 10 10 10 10 10 10 10 10 10 10 10 10 10 10 10 10 10 10 10 10 10 8 8 8 8 8 8 8 7 7 7 7 4 4 4 4 4 6 6 6 6 6 6 7 7 7 7 7 7 7 7 7 7 7 7 7 7 7 7 7 7 7 7 7 7 7 7 7 7 6 6 6 6 6 7 7 7 7 7 7 7 7 7 7 7 7 7 7 7 7 7 7 7 7 7 7 5 5 7 8 8 8 8 8 8 8 8 8 8 8 8 8 8 8 8 8 8 8 5 5 5 5 5 5 5 5 5 5 5 5 5 5 5 2 2 2 2 2 2 2 2 2 2 2 2 2 -16 -16 -16 -16 -16 -16 -16 -16 -23 -26 -26 -26 -26 -26 -26 -26 -26 -26 -26 -26 -28 -28 -28 -28 -28 -28 -28 -23 -23 -23 -23 -15 -15 -15 -15 -15 -15 -15 -15 -15 0 0 0 9 9 9 9 9 9 9 9 9 9 9 9 9 9 9 8 8 8 8 8 8 8 9 9 9 9 9 9 9 9 9 9 9 9 9 9 9 9 9 9 9 9 9 5 5 5 9 9 9 9 9 9 9 9 9 9 9 9 9 9 9 9 9 9 9 9 5 5 5 5 5 5 5 10 10 10 10 10 10 10 10 10 10 10 10 10 10 10 10 10 10 10 10 10 10 8 8 8 8 8 8 9 9 9 9 9 37 37 37 37 37 37 37 37 37 37 37 37 37 64 64 64 64 64 64 64 64 64 64 64 64 64 64 64 64 64 64 64 75 75 75 75 75 75 75 75 75 75 75 75 75 75 75 75 75 50 50 50 50 50 50 50 50 50 6 6 6 -8 -8 -8 -8 -8 -8 -8 -8 -8 -8 -8 -8 -8 -8 -24 -24 -24 -24 -24 -24 -24 -24 -24 -24 -24 -24 -24 -24 -24 x x x x x x x x x x
x x x x x x x x x x x x x x x x x x x x x x x x x x x -28 -28 -28 -28 -28 -28 -28 -28 -28 -28 -28 -28 -11 -11 -11 -11 -11 -11 -11 -11 -11 -11 -11 -11 -11 0 0 0 0 0 0 0 0 0 0 4 4 4 4 4 4 4 4 4 4 4 4 4 4 4 5 5 5 5 5 10 10 10 10 10 10 10 10 10 10 10 10 10 10 10 10 10 10 10 10 10 10 10 10 10 10 10 10 10 10 8 8 8 8 8 7 7 7 7 7 7 7 4 4 4 6 6 6 6 6 6 6 6 6 7 7 7 7 7 7 7 7 7 7 7 7 7 7 7 7 7 7 7 7 7 7 7 7 6 6 6 6 6 7 7 7 7 7 7 7 7 7 7 7 7 7 7 7 7 7 7 7 7 7 7 5 5 7 8 8 8 8 8 8 8 8 8 8 8 8 8 8 8 8 8 8 8 5 5 5 5 5 5 5 5 5 5 5 5 5 5 2 2 2 2 2 2 2 2 2 2 2 2 2 -16 -16 -16 -16 -16 -23 -23 -23 -23 -23 -23 -23 -23 -26 -26 -26 -26 -26 -26 -26 -26 -28 -28 -28 -28 -28 -28 -28 -28 -23 -23 -23 -23 -23 -15 -15 -15 -15 -15 -15 -15 0 0 0 0 0 0 9 9 9 9 9 9 9 9 9 9 9 9 8 8 8 8 8 8 8 8 9 9 9 9 9 9 9 9 9 9 9 9 9 9 9 9 9 9 9 5 5 5 9 9 9 9 9 9 9 9 9 9 9 9 9 9 9 9 9 9 9 9 9 9 9 5 5 5 5 5 10 10 10 10 10 10 10 10 10 10 10 10 10 10 10 10 10 10 10 10 10 10 8 8 8 8 8 7 9 9 9 9 9 37 37 37 37 37 37 37 37 37 37 37 37 37 37 64 64 64 64 64 64 64 64 64 64 64 64 64 64 64 64 64 75 75 75 75 75 75 75 75 75 75 75 75 75 75 75 75 75 75 75 50 50 50 50 50 50 50 50 6 6 6 -8 -8 -8 -8 -8 -8 -8 -8 -8 -8 -8 -8 -8 -8 -8 -24 -24 -24 -24 -24 -24 -24 -24 -24 -24 -24 -24 -24 -24 x x x x x x x x x x
x x x x x x x x x x x x x x x x x x x x x x x x x -28 -28 -28 -28 -28 -28 -28 -28 -28 -28 -28 -28 -28 -11 -11 -11 -11 -11 -11 -11 -11 -11 -11 -11 -11 -11 0 0 0 0 0 0 0 0 0 0 4 4 4 4 4 4 4 4 4 4 4 4 4 4 4 4 5 5 5 5 5 5 10 10 10 10 10 10 10 10 10 10 10 10 10 10 10 10 10 10 10 10 10 10 10 10 10 10 10 10 8 8 8 7 7 7 7 7 7 7 7 7 7 7 7 6 6 6 6 6 6 6 6 6 6 6 6 7 7 7 7 7 7 7 7 7 7 7 7 7 7 7 7 7 7 7 7 7 7 4 6 6 6 6 7 7 7 7 7 7 7 7 7 7 7 7 7 7 7 7 7 7 7 7 7 7 5 5 7 8 8 8 8 8 8 8 8 8 8 8 8 8 8 8 8 8 8 8 5 5 5 5 5 5 5 5 5 5 5 5 5 5 2 2 2 2 2 2 2 2 2 2 2 2 2 -16 -16 -23 -23 -23 -23 -23 -23 -23 -23 -23 -23 -23 -23 -23 -26 -26 -26 -26 -26 -26 -28 -28 -28 -28 -28 -28 -28 -28 -23 -23 -23 -23 -23 -23 -15 -15 -15 -15 -15 -15 0 0 0 0 0 0 0 0 0 0 9 9 9 9 9 9 9 9 8 8 8 8 8 8 8 8 9 9 9 9 9 9 9 9 9 9 9 9 9 9 9 5 5 5 5 5 5 5 9 9 9 9 9 9 9 9 9 9 9 9 9 9 9 9 9 9 9 9 9 9 9 9 5 5 5 5 10 10 10 10 10 10 10 10 10 10 10 10 10 10 10 10 10 10 10 10 10 8 8 8 7 7 7 7 7 9 9 9 9 9 37 37 37 37 37 37 37 37 37 37 37 37 37 64 64 64 64 64 64 64 64 64 64 64 64 64 64 64 64 75 75 75 75 75 75 75 75 75 75 75 75 75 75 75 75 75 75 75 75 75 75 50 50 50 50 50 50 50 6 6 -8 -8 -8 -8 -8 -8 -8 -8 -8 -8 -8 -8 -8 -8 -8 -8 -24 -24 -24 -24 -24 -24 -24 -24 -24 -24 -24 -24 -24 x x x x x x x x x x
x x x x x x x x x x x x x x x x x x x x x x x x -28 -28 -28 -28 -28 -28 -28 -28 -28 -28 -28 -28 -28 -11 -11 -11 -11 -11 -11 -11 -11 -11 -11 -11 -11 -11 -11 0 0 0 0 0 0 0 0 0 0 4 4 4 4 4 4 4 4 4 4 4 4 4 4 4 5 5 5 5 5 5 5 5 5 10 10 10 10 10 10 10 10 10 10 10 10 10 10 10 10 10 10 10 10 10 10 10 10 10 10 8 7 7 7 7 7 7 7 7 7 7 7 7 7 7 7 6 6 6 6 6 6 6 6 6 6 6 6 7 7 7 7 7 7 7 7 7 7 7 7 7 7 7 7 7 7 7 7 7 7 6 6 6 6 7 7 7 7 6 6 6 6 6 6 6 6 6 6 6 6 6 6 6 6 5 5 5 5 5 5 8 8 8 8 8 8 8 8 8 8 8 8 8 8 8 8 8 8 5 5 5 5 5 5 5 5 5 5 5 5 5 5 2 2 2 2 2 2 2 2 2 2 2 2 -23 -23 -23 -23 -23 -23 -23 -23 -23 -23 -23 -23 -23 -23 -23 -23 -26 -26 -26 -26 -26 x x -28 -28 -28 -28 -28 -28 -28 -23 -23 -23 -23 -23 -23 -23 -23 -15 -15 -15 -15 0 0 0 0 0 0 0 0 0 0 0 0 0 7 9 9 9 7 7 8 8 8 8 8 8 8 9 9 9 9 9 9 9 9 9 9 9 5 5 5 5 5 5 5 5 5 5 9 9 9 9 9 9 9 9 9 9 9 9 9 9 9 9 9 9 9 9 9 9 9 9 9 9 5 5 10 10 10 10 10 10 10 10 10 10 10 10 10 10 10 10 10 10 10 10 10 10 7 7 7 7 7 7 7 7 7 9 9 9 9 9 37 37 37 37 37 37 37 37 37 37 37 37 64 64 64 64 64 64 64 64 64 64 64 64 64 64 64 64 75 75 75 75 75 75 75 75 75 75 75 75 75 75 75 75 75 75 75 75 75 50 50 50 50 50 50 50 50 50 -8 -8 -8 -8 -8 -8 -8 -8 -8 -8 -8 -8 -8 -8 -8 -8 -24 -24 -24 -24 -24 -24 -24 -24 -24 -24 -24 -24 -24 x x x x x x x x x x x
x x x x x x x x x x x x x x x x x x x x x x x -28 -28 -28 -28 -28 -28 -28 -28 -28 -28 -28 -28 -28 -11 -11 -11 -11 -11 -11 -11 -11 -11 6 -11 -11 -11 -11 -11 0 0 0 0 0 0 0 0 0 0 0 4 4 4 4 4 4 4 4 4 4 4 4 4 4 5 5 5 5 5 5 5 5 5 6 6 10 10 10 10 10 10 10 10 10 10 10 10 10 10 10 10 10 10 10 10 10 10 10 10 7 7 7 7 7 7 7 7 7 7 7 7 7 7 7 7 7 6 6 6 6 6 6 6 6 6 6 6 7 7 7 7 7 7 7 7 7 7 7 7 7 7 7 7 7 7 7 7 7 7 4 6 6 6 6 6 6 6 6 6 6 6 6 6 6 6 6 6 6 6 6 6 6 6 5 5 5 5 5 5 8 8 8 8 8 8 8 8 8 8 8 8 8 8 8 8 8 8 8 5 5 5 5 5 5 5 5 5 5 5 5 5 2 2 2 2 2 2 2 2 2 2 2 2 -23 -23 -23 -23 -23 -23 -23 -23 -23 -23 -23 -23 -23 -23 -23 x x x -26 -26 -26 x x x -28 -28 -28 -28 -28 x -23 -23 -23 -23 -23 -23 -23 -23 -23 -23 -15 -15 -15 0 0 0 0 0 0 0 0 0 0 0 0 7 7 7 7 7 7 7 7 8 8 8 8 8 9 9 9 9 9 9 9 5 5 5 5 5 5 5 5 5 5 5 5 5 9 9 9 9 9 9 9 9 9 9 9 9 9 9 9 9 9 9 9 9 9 9 9 9 9 9 9 5 5 10 10 10 10 10 10 10 10 10 10 10 10 10 10 10 10 10 10 10 10 10 7 7 7 7 7 7 7 7 7 7 9 9 9 9 9 37 37 37 37 37 37 37 37 37 37 37 37 64 64 64 64 64 64 64 64 64 64 64 64 64 64 64 75 75 75 75 75 75 75 75 75 75 75 75 75 75 75 75 75 75 75 75 75 75 50 50 50 50 50 50 50 50 50 -8 -8 -8 -8 -8 -8 -8 -8 -8 -8 -8 -8 -8 -8 -8 -24 -24 -24 -24 -24 -24 -24 -24 -24 -24 -24 -24 -24 -24 x x x x x x x x x x x
x x x x x x x x x x x x x x x x x x x x x x -28 -28 -28 -28 -28 -28 -28 -28 -28 -28 -28 -28 -28 -28 -28 -11 -11 -11 -11 -11 -11 -11 6 6 6 6 -11 -11 -11 0 0 0 0 0 0 0 0 0 0 0 0 4 4 4 4 4 6 6 6 6 4 4 4 5 5 5 5 5 5 5 5 5 5 6 6 6 6 10 10 10 10 10 10 10 10 10 10 10 10 10 10 10 10 10 10 10 10 10 10 7 7 7 7 7 7 7 7 7 7 7 7 7 7 7 7 6 6 6 6 6 6 6 6 6 6 6 6 7 7 7 7 7 7 7 7 7 7 7 7 7 7 7 7 7 7 7 7 7 7 4 6 6 6 6 6 6 6 6 6 6 6 6 6 6 6 6 6 6 6 6 6 6 6 5 5 5 5 5 5 8 8 8 8 8 8 8 8 8 8 8 8 8 8 8 8 8 8 8 5 5 5 5 5 5 5 5 5 5 5 5 5 2 2 2 2 2 2 2 2 2 2 2 -23 -23 -23 -23 -23 -23 -23 -23 -23 -23 -23 -23 -23 -23 -23 -23 x x x x x x x x x -26 -28 -28 x x x -23 -23 -23 -23 -23 -23 -23 -23 -23 -23 -23 -23 -15 0 0 10 0 0 0 0 0 0 0 0 7 7 7 7 7 7 7 7 7 7 8 8 8 8 8 9 9 7 7 7 7 5 5 5 5 5 5 5 5 5 5 5 5 9 9 9 9 9 9 9 9 9 9 9 9 9 9 9 9 9 9 9 9 9 9 9 9 9 9 9 5 5 10 10 10 10 10 10 10 10 10 10 10 10 10 10 10 10 10 10 10 10 10 10 9 7 7 7 7 7 7 7 7 7 7 9 9 9 9 9 37 37 37 37 37 37 37 37 37 37 37 64 64 64 64 64 64 64 64 64 64 64 64 64 64 75 75 75 75 75 75 75 75 75 75 75 75 75 75 75 75 75 75 75 75 75 75 50 50 50 50 50 50 50 50 50 50 50 -8 -8 -8 -8 -8 -8 -8 -8 -8 -8 -8 -8 -8 -8 -24 -24 -24 -24 -24 -24 -24 -24 -24 -24 -24 -24 -24 x x x x x x x x x x x x
x x x x x x x x x x x x x x x x x x x x x x x -28 -28 -28 -28 -28 -28 -28 -28 -28 -28 -28 -28 -28 -28 -11 -11 -11 -11 -11 -11 -11 6 6 6 6 6 6 -11 0 0 0 0 0 0 0 0 0 0 0 0 4 4 4 4 4 6 6 6 6 6 6 5 5 5 5 5 5 5 5 5 5 6 6 6 6 6 6 10 10 10 10 10 10 10 10 10 10 10 10 10 10 10 10 10 10 10 10 7 7 7 7 7 7 7 7 7 7 7 7 7 7 7 7 7 6 6 6 6 6 6 6 6 6 6 6 6 7 7 7 7 7 7 7 7 7 7 7 7 7 7 7 7 7 7 7 7 7 7 4 4 6 6 6 6 6 6 6 6 6 6 6 6 6 6 6 6 6 6 6 6 6 6 6 5 5 5 5 5 5 8 8 8 8 8 8 8 8 8 8 8 8 8 8 8 8 8 8 5 5 5 8 8 8 5 5 5 5 8 8 8 8 2 2 2 2 2 2 2 2 2 2 -23 -23 -23 -23 -23 -23 -23 -23 -23 -23 -23 -23 -23 -23 -23 x x x x x x x x x -26 -26 -26 x x x x x -23 -23 -23 -23 -23 -23 -16 -16 -16 -23 -23 -23 0 0 10 10 10 10 10 10 0 0 0 7 7 7 7 7 7 7 7 7 7 7 7 8 8 8 8 7 7 7 7 5 5 5 5 5 5 5 5 5 5 5 5 5 9 9 9 9 9 9 9 9 9 9 9 9 9 9 9 9 9 9 9 9 9 9 9 9 9 9 5 5 5 10 10 10 10 10 10 10 10 10 10 10 10 10 10 10 10 10 10 10 10 10 10 9 9 7 7 7 7 7 7 7 7 7 7 9 9 9 9 37 37 37 37 37 37 37 37 37 37 37 64 64 64 64 64 64 64 64 64 64 64 64 64 64 75 75 75 75 75 75 75 75 75 75 75 75 75 75 75 75 75 75 75 75 75 50 50 50 50 50 50 50 50 50 50 50 50 -8 -8 -8 -8 -8 16 -8 -8 -8 -8 -8 -8 -8 -24 -24 -24 -24 -24 -24 -24 -24 -24 -24 -24 -24 -24 -24 x x x -22 -22 x x x x x x x
x x x x x x x x x x x x x x x x x x x x x x x x -28 -28 -28 -28 -28 -28 -28 -28 -28 -25 -25 -25 -28 -28 -11 -11 -11 -11 -11 6 6 6 6 6 6 6 6 6 0 0 0 0 0 0 0 0 0 4 4 4 4 4 4 4 6 6 6 6 6 6 6 6 6 5 5 5 5 5 5 6 6 6 6 6 6 6 10 10 10 10 10 10 10 10 10 10 10 10 10 10 10 10 10 10 10 10 7 7 7 7 7 7 7 7 7 7 7 7 7 7 7 7 6 6 6 6 6 6 6 6 6 6 6 6 6 6 7 7 7 7 7 7 7 7 7 7 7 7 7 7 7 7 7 8 8 8 7 4 4 6 6 6 6 6 6 6 6 6 6 6 6 6 6 6 6 6 6 6 6 6 6 6 6 5 5 5 5 5 8 8 8 8 8 8 8 8 8 8 8 8 8 8 8 8 8 8 8 8 8 8 8 8 8 5 5 5 8 8 8 8 8 8 8 2 2 2 2 2 2 2 -23 -23 -23 -23 -23 -23 -23 -12 -12 -12 -12 -23 -23 -23 -23 x x x x x x x x x -26 -26 -26 -26 -26 x x x -23 -23 -23 -23 -23 -16 -16 -16 -16 -16 -23 -23 0 0 10 10 10 10 10 10 10 10 10 10 10 10 7 7 7 7 7 7 7 7 7 7 8 8 7 7 7 7 7 5 5 5 5 5 5 5 5 5 5 5 5 5 9 9 9 9 9 9 9 9 9 9 9 9 9 9 9 9 9 9 9 9 9 9 9 9 9 9 5 5 10 10 10 10 10 10 10 10 10 10 10 10 10 10 10 10 10 10 10 10 10 10 9 9 9 9 7 7 7 7 7 7 7 7 7 9 9 6 6 6 37 37 37 37 37 37 37 37 37 37 37 64 64 64 64 64 64 64 64 64 64 64 64 75 75 75 75 75 75 75 75 75 75 75 75 75 75 75 75 75 75 75 75 75 50 50 50 50 50 50 50 50 50 50 50 50 50 50 -8 -8 16 16 16 -8 -8 -8 -8 -8 -8 -24 -24 -24 -24 -24 -24 -24 -24 -24 -24 -24 -24 -24 -24 x x -22 -22 -22 -22 -22 x x x x x x
x x x x x x x x x x x x x x x x x x x x x x x x -28 -28 -28 -28 -28 -28 -28 -28 -25 -25 -25 -25 -25 -28 -28 -11 -11 -11 -11 6 6 6 6 6 6 6 6 6 6 6 0 0 0 0 0 4 4 4 4 4 4 4 4 6 6 6 6 6 6 6 6 6 6 6 6 5 5 5 6 6 6 6 6 6 6 10 10 10 10 10 10 10 10 10 10 10 10 10 10 10 10 10 10 10 10 10 7 7 7 7 7 7 7 7 7 7 7 7 7 7 7 6 6 6 6 6 6 6 6 6 6 6 6 6 6 6 7 7 7 7 7 7 7 7 7 7 7 7 7 7 7 7 8 8 8 8 8 8 8 8 6 6 6 6 6 6 6 6 6 6 6 6 6 6 6 6 6 6 6 6 6 6 6 6 6 6 6 6 8 8 8 8 8 8 8 8 8 8 8 8 8 8 8 8 8 8 8 8 8 8 8 8 8 5 5 5 8 8 8 8 8 8 8 8 8 2 2 2 2 -23 -23 -23 -23 -23 -12 -12 -12 -12 -12 -12 -12 -23 -23 -23 -23 x x x x -24 -24 -24 x -26 -26 -26 -26 -26 -26 -26 -26 x -23 -23 -23 -23 -16 -16 -16 -16 -16 -16 -16 -23 -23 0 10 10 10 10 10 10 10 10 10 10 10 10 10 10 10 10 10 7 7 7 7 7 7 7 7 7 7 7 7 5 5 5 5 5 5 5 5 5 5 5 5 4 4 9 9 9 9 9 9 9 9 9 9 9 9 9 9 9 9 9 9 9 9 9 9 9 9 5 9 9 10 10 10 10 10 10 10 10 10 10 10 10 10 10 10 10 10 10 10 10 10 10 9 9 9 9 9 9 7 7 7 7 7 7 7 7 6 6 7 7 37 37 37 37 37 37 37 37 37 37 37 64 64 64 64 64 64 64 64 64 64 64 64 64 64 75 75 75 75 75 75 75 75 75 75 75 75 75 75 75 75 75 75 75 50 50 50 50 50 50 50 50 50 50 50 50 50 50 50 16 16 16 16 16 -8 -8 -8 -8 -24 -24 -24 -24 -14 -14 -14 -14 -14 -14 -14 -24 -24 -24 -24 x -22 -22 -22 -22 -22 -22 x x x x x x
x x x x x x x x x x x x x x x x x x x x x x x x x -28 -28 -28 -28 -28 -28 -28 -25 -25 -25 -25 -25 -25 -28 -11 -11 -11 6 6 6 6 6 6 6 6 6 6 6 6 6 6 4 4 4 4 4 4 4 4 4 4 4 6 6 6 6 6 6 6 6 6 6 6 6 6 6 6 6 6 6 6 6 6 6 10 10 10 10 10 10 10 10 10 10 10 10 10 10 10 10 10 10 10 10 10 7 7 7 7 7 7 7 7 7 7 7 7 7 7 3 3 6 6 6 6 6 6 6 6 6 6 6 6 6 6 7 7 7 7 7 7 7 7 7 7 7 7 7 7 7 7 8 8 8 8 8 8 8 8 8 8 8 6 6 6 6 6 6 6 6 6 6 6 6 6 6 6 6 6 6 6 6 6 6 6 10 10 10 10 10 10 10 10 10 10 10 10 10 10 10 10 10 10 10 10 8 8 8 8 8 8 8 8 5 8 8 8 8 8 8 8 8 8 8 8 8 8 2 -23 -23 -12 -12 -12 -12 -12 -12 -12 -12 -12 -12 -12 -23 -23 x x -24 -24 -24 -24 -24 -24 -24 -26 -26 -26 -26 -26 -26 -26 -26 -26 -23 -23 -23 -16 -16 -16 -16 -16 -16 -16 -16 -16 -23 10 10 10 10 10 10 10 10 10 10 10 10 10 10 10 10 10 10 10 10 10 7 7 7 7 7 7 7 7 5 5 5 5 5 5 5 5 5 5 5 5 4 4 4 4 6 9 9 9 9 9 9 9 9 9 9 9 9 9 9 9 9 9 9 9 9 9 9 9 9 9 10 10 10 10 10 10 10 10 10 10 10 10 10 10 10 10 10 10 10 10 10 9 9 9 9 9 9 9 9 7 7 7 7 7 7 7 7 7 7 7 7 37 37 37 37 37 37 37 37 37 37 64 64 64 64 64 64 64 64 64 64 64 64 64 64 64 75 75 75 75 75 75 75 75 75 75 75 75 75 75 75 75 75 50 50 50 50 50 50 50 50 50 50 50 50 50 50 50 50 16 16 16 16 16 16 -8 -8 -8 -14 -14 -14 -14 -14 -14 -14 -14 -14 -14 -14 -24 -24 -24 -22 -22 -22 -22 -22 -22 -22 -22 -22 x x x x x
x x x x x x x x x x x x x x x x x x x x x x x x x x -28 -28 -28 -28 -28 -25 -25 -25 -25 -25 -25 -25 -25 -28 -11 -11 6 6 6 6 6 6 6 6 6 6 6 6 6 6 6 6 4 4 4 4 4 4 4 4 6 6 6 6 6 6 6 6 6 6 6 6 6 6 6 6 6 6 6 6 6 6 6 10 10 10 10 10 10 10 10 10 10 10 10 10 10 10 10 10 10 10 10 7 7 7 7 7 7 7 7 7 7 7 7 7 7 3 3 3 6 6 6 6 6 6 6 6 6 6 6 6 6 6 7 7 7 7 7 7 7 7 7 7 7 7 7 7 7 7 8 8 8 8 8 8 8 8 8 8 8 8 8 8 6 6 6 6 6 6 6 6 6 6 6 6 6 6 6 6 6 6 6 6 10 10 10 10 10 10 10 10 10 10 10 10 10 10 10 10 10 10 10 10 8 8 8 8 8 8 8 8 5 8 8 8 8 8 8 8 8 8 8 8 8 8 8 8 8 -12 -12 -12 -12 -12 -12 -12 -12 -12 -12 -12 -23 -23 -24 -24 -24 -24 -24 -24 -24 -24 -24 -26 -26 -26 -26 -26 -26 -26 -26 -26 -23 -23 -16 -16 -16 -16 -16 -16 -16 -16 -16 -16 -16 10 10 10 10 10 10 10 10 10 10 10 10 10 10 10 10 10 10 10 10 10 7 7 7 7 7 7 7 7 5 5 5 5 5 5 5 5 5 5 5 5 4 4 6 6 6 6 9 9 9 9 9 9 9 9 9 9 9 9 9 9 9 9 9 9 9 9 9 9 9 10 10 10 10 10 10 10 10 10 10 10 10 10 10 10 10 10 10 10 10 10 10 9 9 9 9 9 9 9 9 9 9 7 7 7 7 7 7 7 7 7 7 7 37 37 37 37 37 37 37 37 37 64 64 64 64 64 64 64 64 64 64 64 64 64 64 64 64 75 75 75 75 75 75 75 75 75 75 75 75 75 75 75 50 50 50 50 50 50 50 50 50 50 50 50 50 50 50 50 16 16 16 16 16 16 16 -8 -8 -14 -14 -14 -14 -14 -14 -14 -14 -14 -14 -14 -14 -24 -22 -22 -22 -22 -22 -22 -22 -22 -22 -22 -22 x x x x x
x x x x x x x x x x x x x x x x x x x x x x x x x x x -28 -28 -28 -25 -25 -25 -25 -25 -25 -25 -25 -25 -25 -25 6 6 6 6 6 6 6 6 6 6 6 6 6 6 6 6 6 6 6 4 4 4 4 4 4 6 6 6 6 6 6 6 6 6 6 6 6 6 6 6 6 6 6 6 6 6 6 6 10 10 10 10 10 10 10 10 10 10 10 10 10 10 10 10 10 10 10 10 7 7 7 7 7 7 7 7 7 7 7 7 7 7 3 3 3 3 6 6 6 6 6 6 6 6 6 6 6 6 6 7 7 7 7 7 7 7 7 7 7 7 7 7 7 7 8 8 8 8 8 8 8 8 8 8 8 8 8 8 8 8 8 8 6 6 6 6 6 6 6 6 6 6 6 6 6 6 6 6 6 10 10 10 10 10 10 10 10 10 10 10 10 10 10 10 10 10 10 10 10 8 8 8 8 8 8 8 8 8 8 8 8 8 8 8 8 8 8 8 8 8 8 8 8 8 8 8 -12 -12 -12 -12 -12 -12 -12 -12 -12 -23 -24 -24 -24 -24 -24 -24 -24 -24 -24 -24 -26 -26 -26 -26 -26 -26 -26 -26 -26 -26 -16 -16 -16 -16 -16 -16 -16 -16 -16 -16 -16 -16 10 10 10 10 10 10 10 10 10 10 10 10 10 10 10 10 10 10 10 10 7 7 7 7 7 7 7 7 5 5 5 5 5 5 5 5 5 5 5 5 4 4 6 6 6 6 6 6 6 9 9 9 9 9 9 9 9 9 9 9 9 9 9 9 9 9 9 9 9 9 9 9 10 10 10 10 10 10 10 10 10 10 10 10 10 10 10 10 10 10 10 10 9 9 9 9 9 9 9 9 9 9 9 7 7 7 7 7 7 7 7 7 24 37 37 37 37 37 37 37 37 37 64 64 64 64 64 64 64 64 64 64 64 64 64 64 64 64 64 64 75 75 75 75 75 75 75 75 75 75 75 75 75 50 50 50 50 50 50 50 50 50 50 50 50 50 50 16 16 16 16 16 16 16 16 16 16 -14 -14 -14 -14 -14 -14 -14 -14 -14 -14 -14 -14 -14 -22 -22 -22 -22 -22 -22 -22 -22 -22 -22 -22 -22 -22 x x x x
x x x x x x x x x x x x x x x x x x x x x x x x x x x -28 -28 -25 -25 -25 -25 -25 -25 -25 -25 -25 -25 -25 -25 6 6 6 6 6 6 6 6 6 6 6 6 6 6 6 6 6 6 6 6 6 4 4 4 4 6 6 6 6 6 6 6 6 6 6 6 6 6 6 6 6 6 6 6 6 6 6 10 10 10 10 10 10 10 10 10 10 10 10 10 10 10 10 10 10 10 10 10 7 7 7 7 7 7 7 7 7 7 7 7 7 3 3 3 3 3 3 6 6 6 6 6 6 6 6 6 6 6 6 7 7 7 7 7 7 7 7 7 7 7 7 7 7 7 8 8 8 8 8 8 8 8 8 8 8 8 8 8 8 8 8 8 8 8 6 6 6 6 6 6 6 6 6 6 6 6 6 6 6 10 10 10 10 10 10 10 10 10 10 10 10 10 10 10 10 10 10 10 10 8 8 8 8 8 8 8 8 8 8 8 8 8 8 8 8 8 8 8 8 8 8 8 8 8 8 8 8 -12 -12 -12 -12 -12 -12 -12 -12 -12 -24 -24 -24 -24 -24 -24 -24 -24 -24 -24 -24 -26 -26 -26 -26 -26 -26 -26 -26 -16 -16 -16 -16 -16 -16 -16 -16 -16 -16 -16 -16 -16 10 10 10 10 10 10 10 10 10 10 10 10 10 10 10 10 10 10 10 10 7 7 7 7 7 7 7 7 5 5 5 5 5 5 5 5 5 5 5 5 4 6 6 6 6 6 6 6 6 6 9 9 9 9 9 9 9 9 9 9 9 9 9 9 9 9 9 9 9 9 9 9 9 9 10 10 10 10 10 10 10 10 10 10 10 10 10 10 10 10 10 10 10 9 9 9 9 9 9 9 9 9 9 9 7 7 7 7 7 7 7 7 24 24 37 37 37 37 37 37 37 37 64 64 64 64 64 64 64 64 64 64 64 64 64 64 64 64 64 64 64 75 75 75 75 75 75 75 75 75 75 75 50 50 50 50 50 50 50 50 50 50 50 50 50 29 29 29 29 16 16 16 16 16 16 16 16 -14 -14 -14 -14 -14 -14 -14 -14 -14 -14 -14 -14 -14 -22 -22 -22 -22 -22 -22 -22 -22 -22 -22 -22 -22 -22 -22 x x x
x x x x x x x x x x x x x x x x x x x x x x x x x x x x -25 -25 -25 -25 -25 -25 -25 -25 -25 -25 -25 -25 6 6 6 6 6 6 6 6 6 6 6 6 6 6 6 6 6 6 6 6 6 6 6 4 4 6 6 6 6 6 6 6 6 6 6 6 6 6 6 6 6 6 6 6 6 6 6 6 6 6 10 10 10 10 10 10 10 10 10 10 10 10 10 10 10 10 10 10 7 7 7 7 7 7 7 7 7 7 7 7 7 -28 3 3 3 3 3 3 3 6 6 6 6 6 6 6 6 6 6 6 6 7 7 7 7 7 7 7 7 7 7 7 7 7 7 8 8 8 8 8 8 8 8 8 8 8 8 8 8 8 8 8 8 8 8 6 6 6 6 6 6 6 6 6 6 6 6 6 6 6 10 10 10 10 10 10 10 10 10 10 10 10 10 10 10 10 10 10 10 10 8 8 8 8 8 8 8 8 8 8 8 8 8 8 8 8 8 8 8 8 8 8 8 8 8 8 8 8 -12 -12 -12 -12 -12 -12 -12 -12 -12 -24 -24 -24 -24 -24 -24 -24 -24 -24 -24 -24 -26 -26 -26 -26 -26 -26 -26 -16 -16 -16 -16 -16 -16 -16 -16 -16 -16 -16 -16 -16 -16 10 10 10 10 10 10 10 10 10 10 10 10 10 10 10 10 10 10 10 10 7 7 7 7 7 7 7 5 5 5 5 5 5 5 5 5 5 5 5 4 6 6 6 6 6 6 6 6 6 6 6 9 9 9 9 9 9 9 9 9 9 9 9 9 9 9 9 9 9 9 9 9 10 10 10 10 10 10 10 10 10 10 10 10 10 10 10 10 10 10 10 10 10 9 9 9 9 9 9 9 9 9 9 9 9 9 7 7 7 7 7 24 24 24 37 37 37 37 37 37 37 37 37 64 64 64 64 64 64 64 64 64 64 64 64 64 64 64 64 64 64 64 64 75 75 75 75 75 75 75 75 50 50 50 50 50 50 50 50 50 50 50 50 50 29 29 29 29 29 29 29 16 16 16 16 16 16 16 -14 -14 -14 -14 -14 -14 -14 -14 -14 -14 -14 -14 -14 -22 -22 -22 -22 -22 -22 -22 -22 -22 -22 -22 -22 -22 x x x
x x x x x x x x x x x x x x x x x x x x x x x x x x x x -25 -25 -25 -25 -25 -25 -25 -25 -25 -25 -25 -25 6 6 6 6 6 6 6 6 6 6 6 6 6 6 6 6 6 6 6 6 6 6 4 4 4 6 6 6 6 6 6 6 6 6 6 6 6 6 6 6 6 6 6 6 6 6 6 6 6 6 6 6 6 6 10 10 10 10 10 10 10 10 10 10 10 10 10 10 7 7 7 7 7 7 7 7 7 7 7 7 -13 -13 -28 -28 3 3 3 3 3 6 6 6 6 6 6 6 6 6 6 6 6 7 7 7 7 7 7 7 7 7 7 7 7 7 8 8 8 8 8 8 8 8 8 8 8 8 8 8 8 8 8 8 8 8 6 6 6 6 6 6 6 6 6 6 6 6 6 6 6 6 10 10 10 10 10 10 10 10 10 10 10 10 10 10 10 10 10 10 10 10 8 8 8 8 8 8 8 8 8 8 8 8 8 8 8 8 8 8 8 8 8 8 8 8 8 8 8 -12 -12 -12 -12 -12 -12 -12 -12 -12 -12 -24 -24 -24 -24 -24 -24 -24 -24 -24 -24 -24 -26 -26 -26 -26 -26 -16 -16 -16 -16 -16 -16 -16 -16 -16 -16 -16 -16 -16 -16 -16 -16 10 10 10 10 10 10 10 10 10 10 10 10 10 10 10 10 10 10 10 10 7 7 7 7 7 7 7 5 5 5 5 5 5 5 5 5 5 5 5 6 6 6 6 6 6 6 6 6 6 6 6 8 8 9 9 9 9 9 9 9 9 9 9 9 9 9 9 9 9 9 9 10 10 10 10 10 10 10 10 10 10 10 10 10 10 10 10 10 10 10 10 10 10 10 9 9 9 9 9 9 9 9 9 9 9 9 9 7 7 7 7 24 24 24 24 37 37 37 37 37 37 37 37 64 64 64 64 64 64 64 64 64 64 64 64 64 64 64 64 64 64 64 64 64 75 75 75 75 75 75 50 50 50 50 50 50 50 50 50 50 50 50 29 29 29 29 29 29 29 29 29 16 16 16 16 16 16 16 16 -14 -14 -14 -14 -14 -14 -14 -14 -14 -14 -14 -14 -22 -22 -22 -22 -22 -22 -22 -22 -22 -22 -22 -22 -22 -22 x x
x x x x x x x x x x x x x x x x x x x x x x x x x x x -25 -25 -25 -25 -25 -25 -25 -25 -25 -25 -25 -25 6 6 6 6 6 6 6 6 6 6 6 6 6 6 6 6 6 6 6 6 6 6 6 4 4 6 6 6 6 6 6 6 6 6 6 6 6 6 6 6 6 6 6 6 6 6 6 6 6 6 6 6 6 6 6 6 6 6 6 10 10 10 10 10 10 10 10 10 10 7 7 7 7 7 7 7 7 7 7 7 -13 -13 -13 -28 -28 -28 3 3 3 3 -28 6 6 6 6 6 6 6 6 6 6 6 7 7 7 7 7 7 7 7 7 7 7 7 7 8 8 8 8 8 8 8 8 8 8 8 8 8 8 8 8 8 8 8 8 5 5 5 6 6 6 6 6 6 6 6 6 6 6 6 6 10 10 10 10 10 10 10 10 10 10 10 10 10 10 10 10 10 10 10 10 8 8 8 8 8 8 8 8 8 8 8 8 8 8 8 8 8 8 8 8 8 8 8 8 8 8 8 -12 -12 -12 -12 -12 -12 -12 -12 -12 -12 -24 -24 -24 -24 -24 -24 -24 -24 -24 -24 -24 -24 -26 -26 -26 -16 -16 -16 -16 -16 -16 -16 -16 -16 -16 -16 -16 -16 -16 -16 -16 10 10 10 10 10 10 10 10 10 10 10 10 10 10 10 10 10 10 10 10 10 7 7 7 7 7 7 4 5 5 5 5 5 5 5 5 5 5 6 6 6 6 6 6 6 6 6 6 6 6 6 8 8 8 8 9 9 9 9 9 9 9 9 9 9 9 9 9 9 9 9 10 10 10 10 10 10 10 10 10 10 10 10 10 10 10 10 10 10 10 10 10 10 10 10 10 9 9 9 9 9 9 9 9 9 9 9 9 9 7 7 24 24 24 24 24 37 37 37 37 37 37 37 43 64 64 64 64 64 64 64 64 64 64 64 64 64 64 64 64 64 64 64 64 64 64 75 75 75 75 75 50 50 50 50 50 50 50 50 50 50 29 29 29 29 29 29 29 29 29 29 16 16 16 16 16 16 16 16 16 -14 -14 -14 -14 -14 -14 -14 -14 -14 -14 -14 -14 -22 -22 -22 -22 -22 -22 -22 -22 -22 -22 -22 -22 -22 -22 -22 x
x x x x x x x x x x x x x x x x x x x x x x x x x x -25 -25 -25 -25 -25 -25 -25 -25 -25 -25 -25 -25 -25 6 6 6 6 6 6 6 6 6 6 6 6 6 6 6 6 6 6 6 6 6 6 4 4 4 6 6 6 6 6 6 6 6 6 6 6 6 6 6 6 6 6 6 6 6 6 6 6 6 6 6 6 6 6 6 6 6 6 6 6 6 6 5 10 10 10 10 10 10 7 7 7 7 7 7 7 7 7 7 -13 -13 -13 -13 -13 -28 -28 -28 -28 3 -28 -28 -13 6 6 6 6 6 6 6 6 6 6 7 7 7 7 7 7 6 6 6 6 6 6 6 8 8 8 8 8 8 8 8 8 8 8 8 8 8 8 8 8 8 8 8 5 5 6 6 6 6 6 6 9 9 9 6 6 6 6 6 10 10 10 10 10 10 10 10 10 10 10 10 10 10 10 10 10 10 10 10 8 8 8 8 8 8 8 8 8 8 8 8 8 8 8 8 8 8 8 8 8 8 8 8 9 8 8 -12 -12 -12 -12 -12 -12 -12 -12 -12 -12 -12 -24 -24 -24 -24 -24 -24 -24 -24 -24 -24 -24 -26 -26 -16 -16 -16 -16 -16 -16 -16 -16 -16 -16 -16 -16 -16 -16 -16 -16 -16 10 10 10 10 10 10 10 10 10 10 10 10 10 10 10 10 10 10 10 10 10 7 7 7 7 7 7 4 4 5 5 5 5 5 5 5 5 6 6 6 6 6 6 6 6 6 6 6 6 6 8 8 8 8 8 8 9 9 9 9 9 9 9 9 9 9 9 9 9 10 10 10 10 10 10 10 10 10 10 10 10 10 10 10 10 10 10 10 10 10 10 10 10 10 10 10 10 9 9 9 9 9 9 9 9 9 9 9 9 7 7 24 24 24 24 24 24 37 37 37 37 37 37 43 64 64 64 64 64 64 64 64 64 64 64 64 64 64 64 64 64 64 48 48 48 48 48 48 75 75 48 50 50 50 50 50 50 50 50 50 29 29 29 29 29 29 29 29 29 29 29 16 16 16 16 16 16 16 16 16 16 -14 -14 -14 -14 -14 -14 -14 -14 -14 -14 -14 -22 -22 -22 -22 -22 -22 -22 -22 -22 -22 -22 -22 -22 -22 -22 x
x x x x x x x x x x x x x x x x x x x x x x x x x -25 -25 -25 -25 -25 -25 -25 -25 -25 -25 -25 -25 -25 6 6 6 6 6 6 6 6 6 6 6 6 6 6 6 6 6 6 6 6 6 6 6 4 4 4 6 6 6 6 6 6 6 6 6 6 6 6 9 9 9 6 6 6 6 6 6 6 6 6 6 6 6 6 6 6 6 6 6 6 6 6 6 5 5 5 5 5 10 5 5 5 7 7 7 7 7 7 7 7 -13 -13 -13 -13 -13 -28 -28 -28 -28 -28 -28 -28 -13 -13 6 6 6 6 6 6 6 6 6 6 6 6 6 6 6 6 6 6 6 6 6 6 8 8 8 8 8 8 8 8 8 8 8 8 8 8 8 8 8 8 8 5 5 5 6 6 6 6 6 6 9 9 9 9 9 6 6 6 10 10 10 10 10 10 10 10 10 10 10 10 10 10 10 10 10 10 10 10 8 8 8 8 8 8 8 8 8 8 8 8 8 8 8 8 8 8 8 8 8 8 8 9 9 9 -12 -12 -12 -12 -12 -12 -12 -12 -12 -12 -12 -12 -24 -24 -24 -24 3 -24 -24 -24 -24 -24 -24 -26 -16 -16 -16 -16 -16 -16 -16 -16 -16 -16 -16 -16 -16 -16 -16 -16 -16 -16 10 10 10 10 10 10 10 10 10 10 10 10 10 10 10 10 10 10 10 10 7 7 7 7 7 7 4 4 4 4 4 5 5 5 5 10 6 6 6 6 6 6 6 6 6 6 6 6 6 8 8 8 8 8 8 8 8 8 9 9 9 9 9 9 9 9 9 9 9 10 10 10 10 10 10 10 10 10 10 10 10 10 10 10 10 10 10 10 10 10 10 10 10 10 10 10 10 10 9 9 9 9 9 9 9 9 9 9 7 7 7 24 24 24 24 24 24 24 37 37 37 37 43 43 64 64 64 64 64 64 64 64 64 64 64 64 48 48 48 48 48 48 48 48 48 48 48 48 48 48 48 48 50 50 50 50 50 50 48 29 29 29 29 29 29 29 29 29 29 29 29 16 16 16 16 16 16 16 16 16 16 -14 -14 -14 -14 -14 -14 -14 -14 -14 -14 -14 -22 -22 -22 -22 -22 -22 -22 -22 -22 -22 -22 -22 -22 -22 -22 -22
x x x x x x x x x x x x x x x x x x x x x x x x -25 -25 -25 -25 -25 -25 -25 -25 -25 -25 -25 -25 -25 -25 6 6 6 6 6 6 6 6 6 6 6 6 6 6 6 6 6 6 6 6 6 6 4 4 4 6 6 6 6 6 6 6 6 6 6 6 6 9 9 9 9 6 6 6 6 6 6 6 6 6 6 6 6 6 6 6 6 6 6 6 6 6 5 5 5 5 5 5 5 5 5 5 5 7 7 7 7 7 7 -13 -13 -13 -13 -13 -13 -13 -28 -28 -28 -28 -28 -28 -13 -13 -13 6 6 6 6 6 6 6 6 6 6 6 6 6 6 6 6 6 6 6 6 8 8 8 8 8 8 8 8 8 8 8 8 8 8 8 8 8 8 8 8 5 5 5 6 6 6 6 6 9 9 9 9 9 9 9 9 9 10 10 10 10 10 10 10 10 10 10 10 10 10 10 10 10 10 10 10 10 8 8 8 8 8 8 8 8 8 8 8 8 8 8 8 8 8 8 8 8 8 8 9 9 9 9 9 9 -12 -12 -12 -12 -12 -12 -12 -12 -12 -12 -24 -24 3 3 3 -24 -24 -24 -24 -24 -24 -26 -16 -16 -16 -16 -16 -16 -16 -16 -16 -16 -16 -16 -16 -16 -16 -16 -16 -16 10 10 10 10 10 10 10 10 10 10 10 10 10 10 10 10 10 10 10 10 4 4 7 7 7 7 4 4 4 4 4 4 4 5 10 10 10 6 6 6 6 6 6 6 6 6 6 6 6 8 8 8 8 8 8 8 8 8 8 9 9 9 9 9 9 9 9 9 9 9 10 10 10 10 10 10 10 10 10 10 10 10 10 10 10 10 10 10 10 10 10 10 10 10 10 10 10 10 9 9 9 9 9 9 9 9 9 7 7 7 24 24 24 24 24 24 24 24 37 37 24 43 43 43 64 64 64 64 64 64 43 43 43 43 43 43 48 48 48 48 48 48 48 48 48 48 48 48 48 48 48 48 48 50 50 50 48 48 48 29 29 29 29 29 29 29 29 29 29 29 16 16 16 16 16 16 16 16 16 16 16 16 -14 -14 -14 -14 -14 -14 -14 -14 -14 -14 -14 -22 -22 -22 -22 -22 -22 -22 -22 -22 -22 -22 -22 -22 -22 -22
x x x x x x x x x x x x x x x x x x x x x x x x -25 -25 -25 -25 -25 -25 -25 -25 -25 -25 -25 -25 -25 6 6 6 6 6 6 6 6 6 6 6 6 6 6 6 6 6 6 6 6 6 6 6 4 4 4 6 6 6 6 6 6 6 6 6 6 9 9 9 9 9 9 9 6 6 6 6 6 6 6 6 6 6 6 6 6 6 6 6 6 6 6 5 5 5 5 5 5 5 5 5 5 5 5 5 7 7 7 7 -13 -13 -13 -13 -13 -13 -13 -13 -28 -28 -28 -28 -28 -28 -13 -13 -13 6 6 6 6 -13 -13 6 6 6 6 6 6 6 6 6 6 6 6 6 6 8 8 8 8 8 8 8 8 8 8 8 8 8 8 8 8 8 8 8 8 5 5 5 6 6 6 6 6 9 9 9 9 9 9 9 9 9 10 10 10 10 10 10 10 10 10 10 10 10 10 10 10 10 10 10 10 10 8 8 8 8 8 8 8 8 8 8 8 8 8 8 8 8 8 8 8 8 8 8 9 9 9 9 9 9 9 -12 -12 -12 -12 -12 -12 -12 -12 -12 -12 3 3 3 3 3 -24 -24 -24 -24 -24 -24 -26 -16 -16 -16 -16 -16 -16 -16 -16 -16 -16 -16 -16 -16 -16 -16 -16 -16 10 10 10 10 10 10 10 10 10 10 10 10 10 10 10 10 10 10 10 10 4 4 4 4 7 4 4 4 4 4 4 4 4 10 10 10 10 10 6 6 6 6 6 6 6 6 6 6 8 8 8 8 8 8 8 8 8 8 8 8 8 8 9 9 9 9 9 9 9 9 9 10 10 10 10 10 10 10 10 10 10 10 10 10 10 10 10 10 10 10 10 10 10 10 10 10 10 10 10 9 9 9 9 9 9 9 9 7 7 7 24 24 24 24 24 24 24 24 24 24 43 43 43 43 43 43 43 43 43 43 43 43 43 43 43 43 48 48 48 48 48 48 48 48 48 48 48 48 48 48 48 48 48 50 50 48 48 48 48 29 29 29 29 29 29 29 29 29 29 29 16 16 16 16 16 16 16 16 16 16 16 16 -14 -14 -14 -14 -14 -14 -14 -14 -14 -14 -14 -22 -22 -22 -22 -22 -22 -22 -22 -22 -22 -22 -22 -22 -22 -22
x x x x x x x x x x x x x x x x x x x x x x x -25 -25 -25 -25 -25 -25 -25 -25 -25 -25 -25 -25 -25 -25 6 6 6 6 6 6 6 6 6 6 6 6 6 6 6 6 6 6 6 6 6 6 4 4 4 6 6 6 6 6 6 6 6 6 6 9 9 9 9 9 9 9 9 9 6 6 6 6 6 6 6 6 6 6 6 6 6 6 6 6 6 5 5 5 5 5 5 5 5 5 5 5 5 5 5 -13 7 7 -13 -13 -13 -13 -13 -13 -13 -13 -13 -28 -28 -28 -28 -28 -28 -13 -13 -13 -13 6 6 -13 -13 -13 -13 6 6 6 6 6 6 6 6 6 6 6 6 6 8 8 8 8 8 8 8 8 8 8 8 8 8 8 8 8 8 8 8 5 5 5 5 6 6 6 7 9 9 9 9 9 9 9 9 9 9 10 10 10 10 10 10 10 10 10 10 10 10 10 10 10 10 10 10 10 10 8 8 8 8 8 8 8 8 8 8 8 8 8 8 8 8 8 8 8 8 8 9 9 9 9 9 9 9 9 9 -12 -12 -12 -12 -12 -12 -12 3 3 3 3 3 3 3 -24 -24 -24 -24 -24 -24 -26 -16 -16 -16 -16 -16 -16 -16 -16 -16 -16 -16 -16 -16 -16 -16 -16 10 10 10 10 10 10 10 10 10 10 10 10 10 10 10 10 10 10 10 10 10 6 6 4 4 4 4 4 4 4 4 4 4 10 10 10 10 10 10 10 6 6 6 6 6 6 6 6 8 8 8 8 8 8 8 8 8 8 8 8 8 8 8 9 9 9 9 9 9 9 9 9 9 10 10 10 10 10 10 10 10 10 10 10 10 10 10 10 10 10 10 10 10 10 10 10 10 10 10 10 10 9 9 9 9 9 9 7 7 7 24 24 24 24 24 24 24 24 24 24 24 43 43 43 43 43 43 43 43 43 43 43 43 43 43 43 43 43 48 48 48 48 48 48 48 48 48 48 48 48 48 48 48 48 48 48 48 48 48 48 48 29 29 29 29 29 29 29 29 29 29 16 16 16 16 16 16 16 16 16 16 16 16 16 -14 -14 -14 -14 -14 -14 -14 -14 -14 -14 -22 -22 -22 -22 -22 -22 -22 -22 -22 -22 -22 -22 -22 -22 -22
x x x x x x x x x x x x x x x x x x x x x x x -25 -25 -25 -25 -25 -25 -25 -25 -25 -25 -25 -25 -25 6 6 6 6 6 6 6 6 6 6 6 6 6 6 6 6 6 6 6 6 6 6 6 5 5 5 6 6 6 6 6 6 6 6 9 9 9 9 9 9 9 9 9 9 9 6 6 6 6 6 6 6 6 6 6 6 6 6 6 6 6 5 5 5 5 5 5 5 5 5 5 5 5 5 5 -13 -13 -13 -13 -13 -13 -13 -13 -13 -13 -13 -13 -13 -13 -28 -27 -27 -27 -27 -13 -13 -13 -13 -13 -13 -13 -13 -13 -13 -13 6 6 6 6 6 6 6 6 6 6 6 8 8 8 8 8 8 8 8 8 8 8 8 8 8 8 8 8 8 8 8 5 5 5 5 6 7 7 7 9 9 9 9 9 9 9 9 9 9 10 10 10 10 10 10 10 10 10 10 10 10 10 10 10 10 10 10 10 10 8 8 8 8 8 8 8 8 8 8 8 8 8 8 8 8 8 8 8 8 9 9 9 9 9 9 9 9 9 9 9 9 -12 -12 -12 -12 3 3 3 3 3 3 4 4 4 4 4 4 4 4 4 4 4 4 4 4 4 4 4 4 4 4 4 -16 -16 -16 -16 10 10 10 10 10 10 10 10 10 10 10 10 10 10 10 10 10 10 10 10 10 6 6 6 6 4 4 4 4 4 4 4 10 10 10 10 10 10 10 10 10 6 6 6 6 6 6 6 6 8 8 8 8 8 8 8 8 8 8 8 8 8 8 9 9 9 9 9 9 9 9 9 9 10 10 10 10 10 10 10 10 10 10 10 10 10 10 10 10 10 10 10 10 10 10 10 10 10 10 10 9 9 9 9 9 9 7 7 7 7 24 24 24 24 24 24 24 24 24 24 24 24 24 43 43 43 43 43 43 43 43 43 43 43 43 43 43 43 48 48 48 48 48 48 48 48 48 48 48 48 48 48 48 48 48 48 48 48 48 48 48 29 29 29 29 29 29 29 29 29 16 16 16 16 16 16 16 16 16 16 16 16 16 16 16 -14 -14 -14 -14 -14 -14 -14 -14 -14 -22 -22 -22 -22 -22 -22 -22 -22 -22 -22 -22 -22 -22 -22 -22
x x x x x x x x x x x x x x x x x x x x x x x x x -25 -25 -25 -25 -25 -25 -25 -25 -25 -25 -25 -25 6 6 6 6 6 6 6 6 6 6 6 6 6 6 6 6 6 6 6 6 6 5 5 5 5 6 6 6 6 6 6 6 9 9 9 9 9 9 9 9 9 9 9 9 9 6 6 6 6 6 6 6 6 6 6 6 6 6 6 6 5 5 5 5 5 5 5 5 5 5 5 5 -13 -13 -13 -13 -13 -13 -13 -13 -13 -13 -13 -13 -13 -13 -13 -13 -28 -27 -27 -27 -27 -13 -13 -13 -13 -13 -13 -13 -13 -13 -13 -13 4 4 6 6 6 6 6 6 6 6 6 8 8 8 8 8 8 8 8 8 8 8 8 8 8 8 8 8 8 8 8 5 5 5 7 7 7 7 7 9 9 9 9 9 9 9 9 9 9 10 10 10 10 10 10 10 10 10 10 10 10 10 10 10 10 10 10 10 10 8 8 8 8 8 8 8 8 8 8 8 8 8 8 8 8 8 8 8 9 9 9 9 9 9 9 9 9 9 9 9 9 9 -12 3 3 3 3 3 3 3 3 4 4 4 4 4 4 4 4 4 4 4 4 4 4 4 4 4 4 4 4 4 4 4 -16 -16 10 10 10 10 10 10 10 10 10 10 10 10 10 10 10 10 10 10 10 10 6 6 6 6 6 6 6 4 4 4 4 4 10 10 10 10 10 10 10 10 10 10 6 6 6 6 6 6 6 6 8 8 8 8 8 8 8 8 8 8 8 8 8 9 9 9 9 9 9 9 9 9 9 9 10 10 10 10 10 10 10 10 10 10 10 10 10 10 10 10 10 10 10 10 10 10 10 10 10 9 9 9 9 9 9 7 7 7 7 24 24 24 24 24 24 24 24 24 24 24 24 24 24 24 43 43 43 43 43 43 43 43 43 43 43 43 43 43 48 48 48 48 48 48 48 48 48 48 48 48 48 48 48 48 48 48 48 48 48 48 48 29 29 29 29 29 29 29 29 29 16 16 16 16 16 16 16 16 16 16 16 16 16 -14 -14 -14 -14 -14 -14 -14 -14 -14 -14 -14 -22 -22 -22 -22 -22 -22 -22 -22 -22 -22 -22 -22 -22 -22 x