x x x x x -22 -22 -22 -22 -22 -22 -22 -22 -22 -22 -22 -22 -22 x x -27 -27 -27 -27 -27 -27 -27 -27 -27 -27 -28 -28 -28 -28 -14 -14 -14 -14 -14 1 1 1 1 1 1 1 1 1 6 6 6 6 6 6 6 6 6 6 6 6 6 6 6 6 6 6 6 6 7 7 7 7 7 7 7 7 7 7 7 7 7 7 6 6 6 6 6 6 6 6 9 9 9 9 9 9 9 9 9 9 9 9 9 9 9 9 9 9 9 9 9 9 9 5 5 5 5 5 5 5 5 5 5 5 5 5 5 5 5 5 5 5 5 5 5 -23 -23 -23 -23 -23 -23 -23 -23 -23 -23 -24 x x x x x x x x x x x x x x x x x x -23 -22 -22 -22 -22 -22 -22 -22 -22 -22 -22 5 5 5 5 5 5 5 5 5 5 5 5 5 5 5 5 5 5 8 8 8 8 8 8 8 8 8 8 8 6 6 6 8 8 8 8 8 8 8 8 8 8 8 9 9 9 9 9 9 9 9 9 9 9 9 9 6 6 6 6 6 4 4 7 7 7 7 10 10 10 10 10 10 10 10 10 10 10 10 10 10 10 10 7 7 7 7 6 6 6 6 6 6 6 6 6 6 6 6 6 6 6 6 6 6 6 6 10 10 10 10 10 10 10 10 10 10 10 6 6 7 7 8 8 8 8 8 8 8 8 8 8 8 8 8 8 8 8 8 8 8 8 8 8 8 8 8 7 7 7 7 7 7 7 7 7 4 4 4 4 4 -15 -15 -15 -15 -15 -15 -15 -15 -15 -26 -27 -27 -27 -27 -27 -27 -27 -27 -27 -27 -27 -27 -27 -27 -27 -27 -23 -23 -23 -23 -23 -23 -23 -23 -23 -23 -23 -23 -23 -23 -23 -23 -23 -23 -23 -23 -23 -23 -23 -23 -23 -24 -14 -14 -14 -14 -14 -14 -14 -14 -14 -14 -14 -14 -14 -14 -14 4 4 4 4 4 4 4 4 4 4 8 8 8 8 8 8 8 8 8 8 8 8 8 8 8 8 8 8 8 8 8 8 8 8 8 8 8 8 8 8 8 8 8 8 6 6 6 6 6 6 6 6 6 6 6 6 6 6 -26 -26 -26 -26 -26 -26 -26 -26 -26 -26 -26 -26 x x x x x x x x x x x x x
x x x x x -22 -22 -22 -22 -22 -22 -22 -22 -22 -22 -22 x x x x x -27 -27 -27 -27 -27 -27 -27 -28 -28 -28 -28 -28 -28 -28 -14 -14 -14 1 1 1 1 1 1 1 1 1 1 1 1 6 6 6 6 6 6 6 6 6 6 6 6 6 6 6 6 6 6 6 7 7 7 7 7 7 7 7 7 7 7 7 6 6 6 6 6 6 6 6 5 9 9 9 9 9 9 9 9 9 9 9 9 9 9 9 9 9 9 9 9 9 9 9 5 5 5 5 5 5 5 5 5 5 5 5 5 5 5 5 5 5 5 5 5 5 5 -23 -23 -23 -23 -23 -24 -24 -24 -24 -24 x x x x x x x x x x x x x x x x x x -22 -22 -22 -22 -22 -22 -22 -22 -22 -22 -22 5 5 5 5 5 5 5 5 5 5 5 5 5 5 5 5 5 5 5 8 8 8 8 8 8 8 8 8 6 6 6 6 6 8 8 8 8 8 8 8 8 8 8 6 6 6 9 9 9 9 9 9 9 9 9 9 6 6 6 6 6 6 4 7 7 7 7 7 7 7 10 10 10 10 10 10 10 10 10 10 10 10 10 7 7 7 7 6 6 6 6 6 6 6 6 6 6 6 6 6 6 6 6 6 6 6 5 5 5 5 10 10 10 10 10 10 10 10 6 6 7 7 8 8 8 8 8 8 8 8 8 8 8 8 8 8 8 8 8 8 8 8 8 8 8 8 8 8 7 7 7 7 7 7 7 4 4 4 4 4 4 4 -26 -26 -26 -26 -26 -26 -26 -26 -26 -26 -27 -27 -27 -27 -27 -27 -27 -27 -27 x x x x -27 -23 -23 -23 -23 -23 -23 -23 -23 -23 -23 -23 -23 -23 -23 -23 -23 -23 -23 -23 -23 -23 -23 -23 -23 -23 -23 -14 -14 -14 -14 -14 -14 -14 -14 -14 -14 -14 -14 -14 -14 4 4 4 4 4 4 4 4 4 4 4 4 8 8 8 8 8 8 8 8 8 8 8 8 8 8 8 8 8 8 8 8 8 8 8 8 8 8 8 8 8 8 8 8 8 8 6 6 6 6 6 6 6 6 6 6 6 6 6 6 -26 -26 -26 -26 -26 -26 -26 -26 -26 -26 -26 -26 x x x x x x x x x x x x x
x x x x x x -22 -22 -22 -22 -22 -22 -22 -22 -22 x x x x x x -27 -27 -27 -27 -27 -27 -28 -28 -28 -28 -28 -28 -28 -28 -28 -28 -14 1 1 1 1 1 1 1 1 1 1 1 1 1 5 6 6 6 6 6 6 6 6 6 6 6 6 6 6 6 6 6 6 7 7 7 7 7 7 7 7 7 7 6 6 6 6 6 6 5 5 5 9 9 9 9 9 9 9 9 9 9 9 9 9 9 9 9 9 9 9 9 9 9 9 5 5 5 5 5 5 5 5 5 5 5 5 5 5 5 5 5 5 5 5 5 5 5 5 -24 -24 -24 -24 -24 -24 -24 -24 -24 -24 x x x x x x x x x x x x x x x x x x -22 -22 -22 -22 -22 -22 -22 -22 -22 -22 -22 -22 5 5 5 5 5 5 5 5 5 5 5 5 5 5 5 5 5 5 5 8 8 8 8 8 8 8 6 6 6 6 6 6 6 8 8 8 8 8 8 8 8 6 6 6 6 6 6 9 9 9 9 9 9 9 6 6 6 6 6 6 6 7 7 7 7 7 7 7 7 7 7 10 10 10 10 10 10 10 10 10 10 10 7 7 7 6 6 6 6 6 6 6 6 6 6 6 6 6 6 6 7 7 6 6 5 5 5 5 5 5 5 10 10 10 10 10 10 6 6 6 7 7 8 8 8 8 8 8 8 8 8 8 8 8 8 8 8 8 8 8 8 8 8 8 8 8 8 7 7 7 7 7 7 4 4 4 4 4 4 4 4 -26 -26 -26 -26 -26 -26 -26 -26 -26 -26 x x x x x x x x x x x x x x -23 -23 -23 -23 -23 -23 -23 -23 -23 -23 -23 -23 -23 -23 -23 -23 -23 -23 -23 -23 -23 -23 -23 -23 -23 -23 -23 -14 -14 -14 -14 -14 -14 -14 -14 -14 -14 -14 -14 4 4 4 4 4 4 4 4 4 4 4 4 8 8 8 8 8 8 8 8 8 8 8 8 8 8 8 8 8 8 8 8 8 8 8 8 8 8 8 8 8 8 8 8 8 8 8 6 6 6 6 6 6 6 6 6 6 6 6 6 6 -26 -26 -26 -26 -26 -26 -26 -26 -26 -26 -26 -26 x x x x x x x x x x x x x
x x x x x x x -22 -22 -22 -22 -22 -22 -22 x x x x x x x x -27 -27 -27 x -28 -28 -28 -28 -28 -28 -28 -28 -28 -28 -28 1 1 1 1 1 1 1 1 1 1 1 1 1 1 5 5 5 6 6 5 5 5 5 5 5 6 6 6 6 6 6 6 6 6 7 7 7 7 7 7 7 7 6 6 6 6 6 6 5 5 5 5 9 9 9 9 9 9 9 9 9 9 9 9 9 9 9 9 9 9 9 9 9 9 9 5 5 5 5 5 5 5 5 5 5 5 5 5 5 5 5 5 5 5 5 5 5 5 5 5 -24 -24 -24 -24 -24 -24 -24 -24 -24 x x x x x x x x x x x x x x x x x -22 -22 -22 -22 -22 -22 -22 -22 -22 -22 -22 -22 -22 -22 5 5 5 5 5 5 5 5 5 5 5 5 5 5 5 5 5 5 5 8 8 8 8 8 6 6 6 6 6 6 6 6 6 8 8 8 8 8 8 6 6 6 6 6 6 6 6 6 6 9 9 9 9 6 6 6 6 6 6 6 7 7 7 7 7 7 7 7 7 7 7 7 7 10 10 10 10 10 10 10 7 7 7 7 6 6 6 6 6 6 6 6 6 6 6 6 6 6 7 7 7 6 6 5 5 5 5 5 5 5 5 5 6 10 10 6 6 6 6 7 7 7 8 8 8 8 8 8 8 8 8 8 8 8 8 8 8 8 8 8 8 8 8 8 8 8 8 4 7 7 7 7 4 4 4 4 4 4 4 -26 -26 -26 -26 -26 -26 -26 -26 -26 -26 -26 -26 x x x x x x x x x x x x x x -23 -23 -23 -23 -23 -23 -23 -23 -23 -23 -23 -23 -23 -23 -23 -23 -23 -23 -23 -23 -23 -23 -23 -23 -23 -23 -14 -14 -14 -14 -14 -14 -14 -14 -14 -14 -14 4 4 4 4 4 4 4 4 4 4 4 4 8 8 8 8 8 8 8 8 8 8 8 8 8 8 8 8 8 8 8 8 8 8 8 8 8 8 8 8 8 8 8 8 8 8 8 8 6 6 6 6 6 6 6 6 6 6 6 6 6 6 -25 -25 -26 -26 -26 -26 -26 -26 -26 -26 -26 x x x x x x x x x x x x x x
x x x x x x x x -22 -22 -22 -22 -22 x x x x x x x x x x -27 x x -28 -24 -24 -24 -24 -24 -24 -24 -24 -28 -28 1 1 1 1 1 1 1 1 1 1 1 1 1 5 5 5 5 5 5 5 5 5 5 5 5 5 6 6 6 6 6 6 6 6 6 7 7 7 7 7 7 6 6 6 6 6 6 6 5 5 5 5 9 9 9 9 9 9 9 9 9 9 9 9 9 9 9 9 9 9 9 9 9 9 9 5 5 5 5 5 5 5 5 5 5 5 5 5 5 5 5 5 5 5 5 5 5 5 5 5 5 -24 -24 -22 -22 -24 -24 -24 -24 x x x x x x x x x x x x x x x x -22 -22 -22 -22 -22 -22 -22 -22 -22 -22 -22 -22 -22 -22 -22 5 5 5 5 5 5 5 5 5 5 5 5 5 5 5 5 5 5 5 5 8 8 8 6 6 6 6 6 6 6 6 6 6 6 8 8 8 8 6 6 6 6 6 6 6 6 6 6 6 6 6 6 9 6 6 6 6 6 6 7 7 7 7 7 7 7 7 7 7 7 7 7 7 7 7 10 10 10 10 10 9 7 7 6 6 6 6 6 6 6 6 6 6 6 6 6 6 7 7 7 7 7 5 5 5 5 5 5 5 5 5 5 6 6 6 6 6 6 6 6 6 6 8 8 8 8 8 8 8 8 8 8 8 8 8 8 8 8 8 8 8 8 8 8 8 8 8 4 4 7 7 4 4 4 4 4 4 4 -26 -26 -26 -26 -26 -26 -26 -26 -26 -26 -26 -26 -26 x x x x x x x x x x x x x x -23 -23 -23 -23 -23 -23 -23 -23 -23 -23 -23 -23 -23 -23 1 1 1 1 1 1 1 1 1 1 1 1 1 1 1 1 -14 -14 -14 -14 -14 -14 -14 4 4 4 4 4 4 4 4 4 4 4 4 8 8 8 8 8 8 8 8 8 8 8 8 8 8 8 8 8 8 8 8 8 8 8 8 8 8 8 8 8 8 8 8 8 8 8 8 6 6 6 6 6 6 6 6 6 6 6 6 6 6 6 -25 -25 -26 -26 -26 -26 -26 -26 -26 -26 x x x x x x x x x x x x x x
x x x x x x x x x -22 -22 -22 x x x x x x x x x x x x x x -28 -24 -24 -24 -24 -24 -24 -24 -24 -24 1 1 1 1 1 1 1 1 1 1 1 1 1 1 5 5 5 5 5 5 5 5 5 5 5 5 5 6 6 6 6 6 6 6 6 6 6 7 7 7 7 6 6 6 6 6 6 6 6 6 5 5 5 9 9 9 9 9 9 9 9 9 9 9 9 9 9 9 9 9 9 9 9 9 9 9 5 5 6 6 6 5 5 5 5 5 5 5 5 5 5 5 5 5 5 5 5 5 5 5 5 5 5 -22 -22 -22 -24 -24 -24 -24 x x x x x x x x x x x x x x x x -22 -22 -22 -22 -22 -22 -22 -22 -22 -22 -22 -22 -22 -22 -22 -22 5 5 5 5 5 5 5 5 5 5 5 5 5 5 5 5 5 5 5 5 8 5 6 6 6 6 6 6 6 6 6 6 6 6 8 8 6 6 6 6 6 6 6 6 6 6 6 6 6 6 6 6 6 6 6 6 6 6 7 7 7 7 7 7 7 7 7 7 7 7 7 7 7 7 7 7 10 10 9 9 9 9 9 6 6 6 6 6 6 6 6 6 6 6 6 7 7 7 7 7 7 7 5 5 5 5 5 5 5 5 6 6 6 6 6 6 6 6 6 6 6 6 8 8 8 8 8 8 8 8 8 8 8 8 8 8 8 8 8 8 8 8 8 8 8 8 8 4 4 4 4 4 4 4 4 4 4 -26 -26 -26 -26 -26 -26 -26 -26 -26 -26 -26 -26 -26 x x x x x x x x x x x x x x x -23 -23 -23 -23 -23 -23 -23 -23 -23 -23 -23 -23 -23 1 1 1 1 1 1 1 1 1 1 1 1 1 1 1 1 1 1 1 1 1 -14 -14 -14 4 4 4 4 4 4 4 4 4 4 4 8 8 8 8 8 8 8 8 8 8 8 8 8 8 8 8 8 8 8 8 8 8 8 8 8 8 8 8 8 8 8 8 8 8 8 8 6 6 6 6 6 6 6 6 6 6 6 6 6 6 6 -25 -25 -25 -25 -26 -26 -26 -26 -26 -26 x x x x x x x x x x x x x x
x x x x x x x x x x -22 x x x x x x x x x x x x x x x -28 -24 -24 -24 -24 -24 -24 -24 -24 -24 1 1 1 1 1 1 1 1 1 1 1 1 1 1 5 5 5 5 5 5 5 5 5 5 5 5 5 6 6 6 6 6 6 6 6 6 6 6 7 7 6 6 6 6 6 6 6 6 6 6 5 5 5 9 9 9 9 9 9 9 9 9 9 9 9 9 9 9 9 10 10 10 9 9 9 9 6 6 6 6 6 5 5 5 5 5 5 5 5 5 5 5 5 5 5 5 5 5 5 5 5 5 -22 -22 -22 -22 -22 -24 -24 -24 -24 x x x x x x x x x x x x x x x x -22 -22 -22 -22 -22 -22 -22 -22 -22 -22 -22 -22 -22 -22 -22 -22 5 5 5 5 5 5 5 5 5 5 5 5 5 5 5 5 5 5 5 5 4 4 6 6 6 6 6 6 6 6 6 6 6 6 6 6 6 6 6 6 6 6 6 6 6 6 6 6 6 6 6 6 6 6 6 6 6 7 7 7 7 7 7 7 7 7 7 7 7 7 7 7 7 7 7 9 9 9 9 9 9 9 9 9 9 9 6 6 6 6 6 6 7 7 7 7 7 7 7 7 7 7 5 5 5 5 5 5 5 6 6 6 6 6 6 6 6 6 6 8 8 8 8 8 8 8 8 8 8 8 8 8 8 8 8 8 8 8 8 8 8 8 8 8 8 8 8 4 4 4 4 4 4 4 4 -26 -26 -26 -26 -26 -26 -26 -26 -26 -26 -26 -26 -26 -26 -26 x x x x x x x x x x x x x x x -23 -23 -23 -23 -23 -23 -23 -23 -23 -23 -23 -23 1 1 1 1 1 1 1 1 1 1 1 1 1 1 1 1 1 1 1 1 1 -14 -14 -14 4 4 4 4 4 4 4 4 4 4 4 4 4 8 8 8 8 8 8 8 8 8 8 8 8 8 8 8 8 8 8 8 8 8 8 8 8 8 8 8 8 8 8 8 8 8 8 6 6 6 6 6 6 6 6 6 6 6 6 6 6 6 -25 -25 -25 -25 -25 -25 -26 -26 -26 -26 x x x x x x x x x x x x x x
x x x x x x x x x x x x x x x x x x x x x x x x x x x -24 -24 -24 -24 -24 -24 -24 -24 1 1 1 1 1 1 1 1 1 1 1 1 1 1 5 5 5 5 5 5 5 5 5 5 5 5 5 5 6 6 6 6 6 6 6 6 6 6 6 6 6 6 6 6 6 6 6 6 6 6 6 5 5 9 9 9 9 9 9 9 9 9 9 9 9 9 10 10 10 10 10 10 10 9 9 9 6 6 6 6 6 6 6 5 5 5 5 5 5 5 5 5 5 5 5 5 5 5 5 5 5 -22 -22 -22 -22 -22 -22 -22 -22 -24 -24 -24 x x x x x x x x x x x x x x x x x -22 -22 -22 -22 -22 -22 -22 -22 -22 -22 -22 -22 -22 -22 -22 -22 5 5 5 5 5 5 5 5 5 5 5 5 5 5 5 5 5 5 4 4 4 4 6 6 6 6 6 6 6 6 6 6 6 6 6 6 6 6 6 6 6 6 6 6 6 6 6 6 6 6 6 6 6 6 6 7 7 7 7 7 7 7 7 7 7 7 7 7 7 7 7 7 7 7 9 9 9 9 9 9 9 9 9 9 9 9 9 9 6 6 7 7 7 7 7 7 7 7 7 7 7 7 5 5 5 5 5 5 6 6 6 6 6 6 6 8 8 8 8 8 8 8 8 8 8 8 8 8 8 8 8 8 8 8 8 8 8 8 8 8 8 8 8 8 4 4 4 4 4 4 4 4 4 -26 -26 -26 -26 -26 -26 -26 -26 -26 -26 -26 -26 -26 -26 -26 -26 x x x x x x x x x x x x x x x x -23 -23 -23 -23 -23 -23 -23 -23 -23 -23 -23 1 1 1 1 1 1 1 1 1 1 1 1 1 1 1 1 1 1 1 1 1 -14 -14 4 4 4 4 4 4 4 4 4 4 4 4 4 4 4 8 8 8 8 8 8 8 8 8 8 8 8 8 8 8 8 8 8 8 8 8 8 8 8 8 8 8 8 8 8 8 8 8 6 6 6 6 6 6 6 6 6 6 6 6 6 6 6 -25 -25 -25 -25 -25 -25 -25 -26 -26 -26 x x x x x x x x x x x x x x
x x x x x x x x x x x x x x x x x x x x x x x x x x x -24 -24 -24 -24 -24 -24 -24 -24 -24 -24 1 1 1 1 1 1 1 1 1 1 1 1 1 1 5 5 5 5 5 5 5 5 5 5 5 5 6 6 6 6 6 6 6 6 6 6 6 6 6 6 6 6 6 6 6 6 6 6 6 5 5 9 9 9 9 9 9 9 9 9 10 10 10 10 10 10 10 10 10 10 10 9 9 9 6 6 6 6 6 6 6 5 5 5 5 5 5 5 5 5 5 5 5 5 5 5 5 5 -22 -22 -22 -22 -22 -22 -22 -22 -22 -24 -24 -24 x x x x x x x x x x x x x x x x x x -22 -22 -22 -22 -22 -22 -22 -22 -22 -22 -22 -22 -22 1 1 5 5 5 5 5 5 5 5 5 5 5 5 5 5 5 5 4 4 4 4 4 4 4 6 6 6 6 6 6 6 6 6 6 6 6 6 6 6 6 6 6 6 6 6 6 6 6 6 6 6 6 6 6 6 6 6 4 4 7 7 7 7 7 7 7 7 7 7 7 7 7 7 7 9 9 9 9 9 9 9 9 9 9 9 9 9 9 9 9 9 9 9 7 7 7 7 7 7 7 7 7 7 5 5 5 5 5 5 6 6 6 6 8 8 8 8 8 8 8 8 8 8 8 8 8 8 8 8 8 8 8 8 8 8 8 8 8 8 8 8 8 8 4 4 4 4 4 4 4 4 4 4 -26 -26 -26 -26 -26 -26 -26 -26 -26 -26 -26 -26 -26 -26 -26 -26 -26 x x x x x x x x x x x x x x x x x -23 -23 -23 -23 -23 -23 -23 -23 -23 -23 1 1 1 1 1 1 1 1 1 1 1 1 1 1 1 1 1 1 1 1 1 4 4 4 4 4 4 4 4 4 4 4 4 4 4 4 4 4 4 4 8 8 8 8 8 8 8 8 8 8 8 8 8 8 8 8 8 8 8 8 8 8 8 8 8 8 8 8 8 8 8 6 6 6 6 6 6 6 6 6 6 6 6 6 6 6 -25 -25 -25 -25 -25 -25 -25 -25 -25 x x x x x x x x x x x x x x x
x x x x x x x x x x x x x x x x x x x x x x x x x x x -24 -24 -24 -24 -24 -24 -24 -24 -24 -24 -24 -24 1 1 1 1 1 1 1 1 1 1 1 1 1 1 1 5 5 5 5 5 5 5 5 5 6 6 6 6 6 6 6 6 6 6 6 6 6 6 6 6 6 6 6 6 6 6 6 5 5 9 9 9 9 9 10 10 10 10 10 10 10 10 10 10 10 10 10 10 10 10 9 9 6 6 6 6 6 6 6 6 5 5 5 5 5 5 5 5 5 5 5 5 5 5 5 1 -22 -22 -22 -22 -22 -22 -22 -22 -22 -22 -24 -24 x x x x x x x x x x x x x x x x x x -25 -22 -22 -22 -22 -22 -22 -22 -22 -22 -22 -22 -22 -22 1 1 5 5 5 5 5 5 5 5 5 5 5 5 5 5 4 4 4 4 4 4 4 4 6 6 6 6 6 6 6 6 6 6 6 6 6 6 6 6 6 6 6 6 6 6 6 6 6 6 6 6 6 6 6 6 4 4 4 4 4 7 7 7 7 7 7 7 7 7 7 7 7 7 9 9 9 9 9 9 9 9 9 9 9 9 9 9 9 9 9 9 9 9 9 7 7 7 7 7 7 7 7 7 5 5 5 5 5 8 8 8 8 8 8 8 8 8 8 8 8 8 8 8 8 8 8 8 8 8 8 8 8 8 8 8 8 8 8 8 8 4 4 4 4 4 4 4 4 4 4 4 1 -26 -26 -26 -26 -26 -26 -26 -26 -26 -26 -26 -26 -26 -26 -26 x x x x x x x x x x x x x x x x x x x -24 -23 -23 -23 -23 -23 -23 -23 -23 -23 1 1 1 1 1 1 1 1 1 1 1 1 1 1 1 1 1 1 1 1 4 4 4 4 4 4 4 4 4 4 4 4 4 4 4 4 4 4 4 4 4 8 8 8 8 8 8 8 8 8 8 8 8 8 8 8 8 8 8 8 8 8 8 8 8 8 8 8 8 8 8 6 6 6 6 6 6 6 6 6 6 6 6 6 6 6 6 -25 -25 -25 -25 -25 -25 -25 -25 -25 -25 x x x x x x x x x x x x x
x x x x x x x x x x x x x x x x x x x x x x x x x x -24 -24 -24 -24 -24 -24 -24 -24 -24 -24 -24 -24 -24 -24 -24 1 1 1 1 1 1 1 1 1 1 1 1 1 3 3 5 5 5 5 5 5 5 6 6 6 6 6 6 6 6 6 6 6 6 6 6 6 6 6 6 6 6 6 6 6 5 5 9 9 9 10 10 10 10 10 10 10 10 10 10 10 10 10 10 10 10 10 10 9 9 6 6 6 6 6 6 6 6 5 5 5 5 5 5 5 5 5 5 5 5 5 5 1 1 1 1 -22 -22 -22 -22 -22 -22 -22 -22 -22 -24 x x x x x x x x x x x x x x x x x -25 -25 -25 -25 -22 -22 -22 -22 -22 -22 -22 -22 -22 -22 -22 1 1 1 5 5 5 5 5 5 5 5 5 5 5 5 4 4 4 4 4 4 4 4 4 4 6 6 6 6 6 6 6 6 6 6 6 6 6 6 6 6 6 6 6 6 6 6 6 6 6 6 6 6 6 6 4 4 4 4 4 4 6 6 7 7 7 7 7 7 7 7 7 7 7 9 9 9 9 9 9 9 9 9 9 9 9 9 9 9 9 9 9 9 9 9 7 7 7 7 7 7 7 7 7 7 5 5 5 5 5 8 8 8 8 8 8 8 8 8 8 8 8 8 8 8 8 8 8 8 8 8 8 8 8 8 8 8 8 8 8 6 4 4 4 4 4 4 4 4 4 4 1 1 -26 -26 -26 -26 -26 -26 -26 -26 -26 -26 -26 -26 -26 x x x x x x x x x x x x x x x x x x x x -24 -24 -23 -23 -23 -23 -23 -23 -23 -23 1 1 1 1 1 1 1 1 1 1 1 1 1 1 1 1 1 1 1 1 4 4 4 4 4 4 4 4 4 4 4 4 4 4 4 4 4 4 4 4 4 4 4 4 8 8 8 8 8 8 8 8 8 8 8 8 8 8 8 8 8 8 8 8 8 8 8 8 8 8 8 8 6 6 6 6 6 6 6 6 6 6 6 6 6 6 6 6 -25 -25 -25 -25 -25 -25 -25 -25 -25 -25 -25 x x x x x x x x x x x x
x x x x x x x x x x x x x x x x x x x x x x x x x x -24 -24 -24 -24 -24 -24 -24 -24 -24 -24 -24 -24 -24 -24 -11 -11 -11 1 1 1 1 1 1 1 1 1 1 1 3 3 3 3 3 5 5 5 5 5 6 6 6 6 6 6 6 6 6 6 6 6 6 6 6 6 6 6 6 6 6 6 6 9 9 9 9 10 10 10 10 10 10 10 10 10 10 10 10 10 10 10 10 10 10 9 6 6 6 6 6 6 6 6 6 6 5 5 5 5 5 5 5 5 5 5 5 1 1 1 1 1 1 1 -22 -22 -22 -22 -22 -22 -22 -22 -24 x x x x x x x x x x x x x x x x -25 -25 -25 -25 -25 -25 -22 -22 -22 -22 -22 -22 -22 -22 -22 -22 1 1 1 1 5 5 5 5 5 5 5 5 5 4 4 4 4 4 4 4 4 4 4 6 6 6 6 6 6 6 6 6 6 6 6 6 6 6 6 6 6 6 6 6 6 6 6 6 6 6 6 6 6 6 4 4 4 4 4 4 4 6 6 6 6 7 7 7 7 7 7 7 7 7 9 9 9 9 9 9 9 9 9 9 9 9 9 9 9 9 9 9 9 9 9 7 7 7 7 7 7 7 7 7 7 7 5 5 5 5 8 8 8 8 8 8 8 8 8 8 8 8 8 8 8 8 8 8 8 8 8 8 8 8 8 8 8 8 6 6 6 4 4 4 4 4 4 4 4 4 4 1 1 1 -26 -26 -26 -26 -26 -26 -26 -26 -26 -28 -28 -28 x x x x x x x x x x x x x x x x x x x -24 -24 -24 -24 -23 -23 -23 -23 -23 -23 -23 1 1 1 1 1 1 1 1 1 1 1 1 1 1 1 1 1 1 1 4 4 4 4 4 4 4 4 4 4 4 4 4 4 4 4 4 4 4 4 4 4 4 4 4 4 8 8 8 8 8 8 8 8 8 8 8 8 8 8 8 8 8 8 8 8 8 8 8 8 8 8 8 6 6 6 6 6 6 6 6 6 6 6 6 6 6 6 -25 -25 -25 -25 -25 -25 -25 -25 -25 -25 -25 -25 -25 -25 x x x x x x x x x x
x x x x x x x x x x x x x x x x x x x x x x x x x x -24 -24 -24 -24 -24 -24 -24 -24 -24 -24 -24 -24 -24 -24 -11 -11 -11 -11 -11 1 1 1 1 1 1 1 1 1 3 3 3 3 3 3 3 3 5 5 6 6 6 6 6 6 6 6 6 6 6 6 6 6 6 6 6 6 6 6 6 6 6 5 5 5 5 10 10 10 10 10 10 10 10 10 10 10 10 10 10 10 10 10 10 9 6 6 6 6 6 6 6 6 6 6 5 5 5 5 5 5 5 5 5 5 1 1 1 1 1 1 1 1 1 1 -22 -22 -22 -22 -22 -22 -22 x x x x x x x x x x x x x x x -25 -25 -25 -25 -25 -25 -25 -25 -22 -22 -22 -22 -22 -22 -22 -22 -22 1 1 1 1 1 5 5 5 5 5 5 5 4 4 4 4 4 4 4 4 4 6 6 6 6 6 6 6 6 6 6 6 6 6 6 6 6 6 6 6 6 6 6 6 6 6 6 6 6 6 6 6 6 3 3 4 4 4 4 4 4 6 6 6 6 6 6 7 7 7 7 7 7 9 9 9 9 9 9 9 9 9 9 9 9 9 9 9 9 9 9 9 9 9 9 7 7 7 7 7 7 7 7 7 7 7 7 5 5 5 8 8 8 8 8 8 8 8 8 8 8 8 8 8 8 8 8 8 8 8 8 8 8 8 8 8 6 6 6 6 6 4 4 4 4 4 4 4 4 4 1 1 1 1 1 -26 -26 -26 -26 -26 -26 -28 -28 -28 -28 -28 -28 x x x x x x x x x x x x x x x x x x -24 -24 -24 -24 -24 -23 -23 -23 -23 -23 -23 1 1 1 1 1 1 1 1 1 1 1 1 1 1 1 1 1 1 4 4 4 4 4 4 4 4 4 4 4 4 4 4 4 4 4 4 4 4 4 4 4 4 4 4 4 2 2 8 8 8 8 8 8 8 8 8 8 8 8 8 8 8 8 8 8 8 8 8 8 8 8 8 6 6 6 6 6 6 6 6 6 6 3 3 3 3 3 -25 -25 -25 -25 -25 -25 -25 -25 -25 -25 -25 -25 -25 x x x x x x x x x x x
x x x x x x x x x x x x x x x x x x x x x x x x x x -24 -24 -24 -24 -24 -24 -24 -24 -24 -24 -24 -24 -24 -24 -11 -11 -11 -11 -11 -11 -11 1 1 1 1 1 1 3 3 3 3 3 3 3 3 3 3 3 6 6 6 6 6 6 6 6 6 6 6 6 6 6 6 6 6 6 6 6 6 6 6 5 5 5 5 10 10 10 10 10 10 10 10 10 10 10 10 10 10 10 10 10 10 10 6 6 6 6 6 6 6 6 6 6 6 5 5 5 5 5 5 5 5 1 1 1 1 1 1 1 1 1 1 1 -22 -22 -22 -22 -22 -22 -22 -22 x x x x x x x x x x x x x -25 -25 -25 -25 -25 -25 -25 -25 -25 -25 -22 -22 -22 -22 -22 -22 -22 -22 1 1 1 1 1 5 5 5 5 5 5 4 4 4 4 4 4 4 4 4 6 6 6 6 6 6 6 6 6 6 6 6 6 6 6 6 6 6 6 6 6 6 6 6 6 6 6 6 6 6 6 6 3 3 3 3 4 4 4 4 4 6 6 6 6 6 6 6 6 6 7 7 7 9 9 9 9 9 9 9 9 9 9 9 9 9 9 9 9 9 9 9 9 9 7 7 7 7 7 7 7 7 7 7 7 7 7 7 5 5 5 8 8 8 8 8 8 8 8 8 8 8 8 8 8 8 8 8 8 8 8 8 8 8 6 6 6 6 6 6 6 4 4 4 4 4 4 4 4 1 1 1 1 1 1 1 -26 -26 -26 -28 -28 -28 -28 -28 -28 -28 -28 -28 x x x x x x x x x x x x x x x x -24 -24 -24 -24 -24 -24 -24 -23 -23 -23 -23 -23 1 1 1 1 1 1 1 1 1 1 1 1 1 1 1 1 1 4 4 4 4 4 4 4 4 4 4 4 4 4 4 4 4 4 4 4 4 4 4 4 4 4 4 4 2 2 2 2 8 8 8 8 8 8 8 8 5 5 5 5 5 8 8 8 8 8 8 8 8 8 8 8 6 6 6 6 6 6 3 3 3 3 3 3 3 3 3 -25 -25 -25 -25 -25 -25 -25 -25 -25 -25 -25 -25 -25 x x x x x x x x x x x
x x x x x x x x x x x x x x x x x x x x x x x x x x -24 -24 -24 -24 -24 -24 -24 -24 -24 -24 -24 -24 -24 -11 -11 -11 -11 -11 -11 -11 -11 -11 -11 1 1 1 1 3 3 3 3 3 3 3 3 3 3 3 6 6 6 6 6 6 6 6 6 6 6 6 6 6 6 6 6 6 6 6 6 6 5 5 5 5 5 5 10 10 10 10 10 10 10 10 10 10 10 10 10 10 10 10 10 10 6 6 6 6 6 6 6 6 6 6 6 1 5 5 5 5 5 1 1 1 1 1 1 1 1 1 1 1 1 1 -22 -22 -22 -22 -22 -22 -22 -22 x x x x x x x x x x x x -25 -25 -25 -25 -25 -25 -25 -25 -25 -25 -25 -25 -22 -22 -22 -22 -22 -22 -25 1 1 1 1 1 1 5 5 5 5 4 4 4 4 4 4 4 4 4 4 4 6 6 6 6 6 6 6 6 6 6 6 6 6 6 6 6 6 6 6 6 6 6 6 6 6 6 6 6 6 6 3 3 3 3 3 3 4 4 4 4 6 6 6 6 6 6 6 6 6 6 6 7 9 9 9 9 9 9 9 9 9 9 9 9 9 9 9 9 9 9 9 9 9 7 7 7 7 7 7 7 7 7 7 7 7 7 7 5 5 5 8 8 8 8 8 8 8 8 8 8 8 8 8 8 8 8 8 8 8 8 8 6 6 6 6 6 6 6 6 6 6 4 4 4 4 4 4 1 1 1 1 1 1 1 1 1 -28 -28 -28 -28 -28 -28 -28 -28 -28 -28 -28 -28 x x x x -24 -24 x x x x x x x x -24 -24 -24 -24 -24 -24 -24 -24 -24 -23 -23 -23 -23 1 1 1 1 1 1 1 1 1 1 1 1 1 1 1 1 4 4 4 4 4 4 4 4 4 4 4 4 4 4 4 4 4 4 4 4 4 4 4 4 4 4 4 2 2 2 2 0 0 0 8 8 8 8 8 5 5 5 5 5 5 5 5 5 5 5 5 6 6 6 6 6 6 5 5 5 3 3 3 3 3 3 3 3 3 3 3 -25 -25 -25 -25 -25 -25 -25 -25 -25 -25 -25 -25 x x x x x x x x x x x x
x x x x x x x x x x x x x x x x x x x x x x x x x x -24 -24 -24 -24 -24 -24 -24 -24 -24 -24 -24 -24 -24 -11 -11 -11 -11 -11 -11 -11 -11 -11 -11 -11 -11 1 1 3 3 3 3 3 3 3 3 3 3 3 6 6 6 6 6 6 6 6 6 6 6 6 6 6 6 6 6 6 6 6 6 6 6 5 5 5 5 5 10 10 10 10 10 10 10 10 10 10 10 10 10 10 10 10 10 10 6 6 6 6 6 6 6 6 6 6 6 6 1 5 5 5 1 1 1 1 1 1 1 1 1 1 1 1 1 -16 -22 -22 -22 -22 -22 -22 -22 -22 -22 x x x x x x x x x x -25 -25 -25 -25 -25 -25 -25 -25 -25 -25 -25 -25 -25 -25 -25 -22 -22 -22 -25 -25 1 1 1 1 1 1 1 5 1 1 4 4 4 4 4 4 4 4 4 4 4 4 6 6 6 6 6 6 6 6 6 6 6 6 6 6 6 6 6 6 6 6 6 0 6 6 6 6 6 6 3 3 3 3 3 3 3 3 4 4 3 6 6 6 6 6 9 9 6 6 6 6 9 9 9 9 9 9 9 9 9 9 9 9 9 9 9 9 9 9 9 9 9 9 7 7 7 7 7 7 7 7 7 7 7 7 7 10 10 4 4 8 8 8 8 8 8 8 8 8 8 8 8 8 8 8 8 8 8 8 8 6 6 6 6 6 6 6 6 6 6 6 1 4 4 4 4 1 1 1 1 1 1 1 1 1 1 1 -28 -28 -28 -28 -28 -28 -28 -28 -28 -28 -28 -28 x x -24 -24 -24 -24 x x x x x x -24 -24 -24 -24 -24 -24 -24 -24 -24 -24 -23 -23 -23 -23 1 1 1 1 1 1 1 1 1 1 1 1 1 1 1 4 4 4 4 4 4 4 4 4 4 4 4 4 4 4 4 4 4 4 4 4 4 4 4 4 4 4 2 2 2 2 2 0 0 0 0 8 8 8 5 5 5 5 5 5 5 5 5 5 5 5 5 6 5 5 5 5 5 5 5 5 5 3 3 3 3 3 3 3 3 3 3 -25 -25 -25 -25 -25 -25 -25 -25 -25 -25 -25 -25 x x x x x x x x x x x x
x x x x x x x x x x x x x x x x x x x x x x x x x x -24 -24 -24 -24 -24 -24 -24 -24 -24 -24 -24 -24 -24 -11 -11 -11 -11 -11 -11 -11 -11 -11 -11 -11 -11 -11 -11 3 3 3 3 3 3 3 3 3 3 3 3 6 6 6 6 6 6 6 6 6 6 6 6 6 6 6 6 6 6 6 6 6 6 5 5 5 5 5 10 10 10 10 10 10 10 10 10 10 10 10 10 10 10 10 10 10 10 6 6 6 6 6 6 6 6 6 6 6 1 1 5 1 1 1 1 1 1 1 1 1 1 1 1 1 -16 -16 -16 -22 -22 -22 -22 -22 -22 -22 -22 -22 x x x -25 -25 x x x x x -25 -25 -25 -25 -25 -25 -25 -25 -25 -25 -25 -25 -25 -25 -25 -22 -25 -25 -15 1 1 1 1 1 1 1 1 1 1 4 4 4 4 4 4 4 4 4 4 4 4 6 6 6 6 6 6 6 6 6 6 6 6 6 6 6 6 6 6 6 6 6 6 0 6 6 6 6 3 3 3 3 3 3 3 3 3 3 3 3 6 6 6 6 6 9 9 9 9 6 6 9 9 9 9 9 9 9 9 9 9 9 9 9 9 9 9 9 9 9 9 9 7 7 7 7 7 7 7 7 7 7 7 7 7 10 10 10 10 4 4 8 8 8 8 8 8 8 8 8 8 8 8 8 8 8 8 8 8 6 6 6 6 6 6 6 6 6 6 6 6 1 1 4 4 1 1 1 1 1 1 1 1 1 1 1 1 1 -28 -28 -28 -28 -28 -28 -28 -28 -28 -28 -28 -28 -24 -24 -24 -24 -24 x x x x x x -24 -24 -24 -24 -24 -24 -24 -24 -24 -24 -24 -23 -24 -24 1 1 1 1 1 1 1 1 1 1 1 1 1 4 4 4 4 4 4 4 4 4 4 4 4 4 4 4 4 4 4 4 4 4 4 4 4 4 4 4 4 2 2 2 2 2 2 0 0 0 5 5 5 8 5 5 5 5 5 5 5 5 5 5 5 5 5 5 5 5 5 5 5 5 5 5 3 3 3 3 3 3 3 3 3 3 3 -22 -22 -25 -25 -25 -25 -25 -25 -25 -25 -25 x x x x x x x x x x x x x
x x x x x x x x x x x x x x x x x x x x x x x x x x -24 -24 -24 -24 -24 -24 -24 -24 -24 -24 -24 -24 -11 -11 -11 -11 -11 -11 -11 -11 -11 -11 -11 -11 -11 -11 3 3 3 3 3 3 3 3 3 3 3 3 3 3 3 6 6 6 6 6 6 6 6 6 6 6 6 6 6 6 6 6 6 6 6 6 5 5 5 5 10 10 10 10 10 10 10 10 10 10 10 10 10 10 10 10 10 10 10 6 6 6 6 6 6 6 6 6 6 6 6 5 1 1 1 1 1 1 1 1 1 1 1 1 1 1 -16 -16 -16 -16 -22 -22 -22 -22 -22 -22 -22 -22 x -25 -25 -25 -25 -25 x x x x -26 -25 -25 -25 -25 -25 -25 -25 -25 -25 -25 -25 -25 -25 -25 -25 -15 -15 -15 1 1 5 1 1 1 1 1 1 1 1 4 4 4 4 4 4 4 4 4 4 4 4 6 6 6 6 6 6 6 6 6 6 6 6 6 6 6 6 6 6 6 6 6 0 0 6 6 3 3 3 3 3 3 3 3 3 3 3 3 3 6 6 6 6 9 9 9 9 9 9 6 9 9 9 9 9 9 9 9 9 9 9 9 9 9 9 9 9 9 9 9 9 7 7 7 7 7 7 7 7 7 7 7 7 10 10 10 10 10 10 10 8 8 8 8 8 8 8 8 8 8 8 8 8 8 8 8 8 8 6 6 6 6 6 6 6 6 6 6 6 6 1 1 1 4 1 1 1 1 1 1 1 1 1 1 1 1 -28 -28 -28 -28 -28 -28 -28 -28 -28 -28 -28 -28 -24 -24 -24 -24 -24 -24 -24 x x x x x -24 -24 -24 -24 -24 -24 -24 -24 -24 -24 -24 -24 -24 -12 1 1 1 1 1 1 1 1 1 1 1 1 1 4 4 4 4 7 7 4 4 4 4 4 4 4 4 4 4 4 4 4 4 4 4 4 4 4 4 4 2 2 2 2 2 2 2 0 0 5 5 5 5 5 5 5 5 5 5 5 5 5 5 5 5 5 5 5 5 5 5 5 5 5 5 5 3 3 3 3 3 3 3 3 3 3 3 -22 -22 -22 -25 -25 -25 -25 -25 -25 -25 x x x x x x x x x x x x x x
x x x x x x x x x x x x x x x x x x x x x x x x x x -24 -24 -24 -24 -24 -24 -24 -24 -24 -24 -24 -24 -11 -11 -11 -11 -11 -11 -11 -11 -11 -11 -11 -11 -11 -11 3 3 3 3 3 3 3 3 3 3 3 3 3 3 3 6 6 6 6 6 6 6 6 6 6 6 6 6 6 6 6 6 6 6 6 6 6 5 5 5 5 10 10 10 10 10 10 10 10 10 10 10 10 10 10 10 10 10 10 6 6 6 6 6 6 6 6 6 6 6 6 5 5 5 5 1 1 1 1 1 1 1 1 1 1 -16 -16 -16 -16 -16 -16 -22 -22 -22 -22 -22 -22 -22 -22 -25 -25 -25 -25 -25 x x x -26 -26 -26 -25 -25 -25 -25 -25 -25 -25 -25 -25 -25 -25 -25 -15 -15 -15 -15 -15 1 1 5 5 5 1 1 1 1 1 1 4 4 4 4 4 4 4 4 4 4 4 4 6 6 6 6 6 6 6 6 6 6 6 6 6 6 6 6 6 6 6 6 6 6 0 0 3 3 3 3 3 3 3 3 3 3 3 3 3 6 6 6 6 9 9 9 9 9 9 9 9 9 9 9 9 9 9 9 9 9 9 9 9 9 9 9 9 9 9 9 9 9 7 7 7 7 7 7 7 7 7 7 7 10 10 10 10 10 10 10 10 10 8 8 8 8 8 8 8 8 8 8 8 8 8 8 8 8 8 8 6 6 6 6 6 9 6 8 8 8 6 1 1 1 1 1 1 1 1 1 1 1 1 1 1 1 -28 -28 -28 -28 -28 -28 -28 -28 -28 -28 -28 -28 -24 -24 -24 -24 -24 -24 -24 -24 -24 x x x x x x -24 -24 -24 -24 -24 -24 -24 -24 -24 -24 -12 -12 1 1 1 1 1 1 1 1 1 1 1 1 1 1 4 7 7 7 7 4 4 4 4 4 4 4 4 4 4 4 4 4 4 4 4 4 4 4 4 2 2 2 2 2 2 2 0 0 0 5 5 5 5 5 5 5 5 5 5 5 5 5 5 5 5 5 5 5 5 5 5 5 5 5 5 3 3 3 3 3 3 3 3 3 3 3 3 -22 -22 -22 -22 -25 -25 -25 -25 -25 -25 x x x x x x x x x x x x x x
x x x x x x x x x x x x x x x x x x x x x x x x x x -24 -24 -24 -24 -24 -24 -24 -24 -24 -24 -24 -24 -11 -11 -11 -11 -11 -11 -11 -11 -11 -11 -11 -11 -11 -11 3 3 3 3 3 3 3 3 3 3 3 3 3 3 3 3 6 6 6 6 6 6 6 6 6 6 6 6 6 6 6 6 6 6 6 6 6 5 5 5 5 10 10 10 10 10 10 10 10 10 10 10 10 10 10 10 10 10 10 6 6 6 6 6 6 6 6 6 6 6 6 6 5 5 5 5 5 1 1 1 1 1 1 1 1 -16 -16 -16 -16 -16 -16 -16 -22 -22 -22 -22 -22 -22 -25 -25 -25 -25 -25 -25 -25 x -26 -26 -26 -26 -26 -25 -25 -25 -25 -25 -25 -25 -25 -25 -25 -15 -15 -15 -15 -15 -15 1 5 5 5 5 5 5 1 1 1 1 4 4 4 4 4 4 4 4 4 4 4 4 4 6 6 6 6 6 6 6 6 6 6 6 6 6 6 6 6 6 6 6 6 6 0 0 3 3 3 3 3 3 3 3 3 3 3 3 3 6 6 6 6 9 9 9 9 9 9 9 9 9 9 9 9 9 9 9 9 9 9 9 9 9 9 9 9 9 9 9 9 9 7 7 7 7 7 7 7 7 7 7 10 10 10 10 10 10 10 10 10 10 10 8 8 8 8 8 8 8 8 8 8 8 8 8 8 8 8 8 6 6 6 6 6 9 9 9 9 9 9 9 9 1 1 1 1 1 1 1 1 1 1 1 1 -13 -13 -13 -13 -28 -28 -28 -28 -28 -28 -28 -28 -24 -24 -24 -24 -24 -24 -24 -24 -23 -23 -23 x x x x x x -24 -24 -24 -24 -24 -24 -24 -12 -12 -12 -12 1 1 1 1 1 1 1 1 1 1 1 1 1 7 7 7 7 7 7 7 4 4 4 4 4 4 4 4 4 4 4 4 4 4 4 4 4 4 2 2 2 2 2 2 2 2 0 0 0 0 0 5 5 5 5 5 5 5 5 5 5 5 5 5 5 5 5 5 5 5 5 5 5 5 3 3 3 3 3 3 3 3 3 3 3 3 3 -22 -22 -22 -22 -25 -25 -25 -25 -25 x x x x x x x x x x x x x x x
x x x x x x x x x x x x x x x x x x x x x x x x x x -24 -24 -24 -24 -24 -24 -24 -24 -24 -24 -24 -11 -11 -11 -11 -11 -11 -11 -11 -11 -11 -11 -11 -11 -11 -11 3 3 3 3 3 3 3 3 3 3 3 3 3 3 3 3 6 6 6 6 6 6 6 6 6 6 6 6 6 6 6 6 6 6 6 6 6 6 5 5 5 10 10 10 10 10 10 10 10 10 10 10 10 10 10 10 10 10 10 10 6 6 6 6 6 6 6 6 6 6 6 6 5 5 5 5 5 5 5 5 1 1 1 1 -16 -16 -16 -16 -16 -16 -16 -16 -22 -22 -22 -22 -22 -25 -25 -25 -25 -25 -25 -25 -25 -25 -26 -26 -26 -26 -26 -26 -25 -25 -25 -25 -25 -25 -25 -15 -15 -15 -15 -15 -15 -15 -15 1 5 5 5 5 5 5 5 5 1 1 4 4 4 4 4 4 4 4 4 4 4 4 4 6 6 6 6 6 6 6 6 6 6 6 6 6 6 6 6 6 6 6 6 6 6 3 3 3 3 3 3 3 3 3 3 3 3 3 3 6 6 6 9 9 9 9 9 9 9 9 9 9 9 9 9 9 9 9 9 9 9 9 9 9 9 9 9 9 9 9 9 7 7 7 7 7 7 7 7 7 7 7 10 10 10 10 10 10 10 10 10 10 10 10 8 8 8 8 8 8 8 8 8 8 8 8 8 8 8 8 6 6 6 8 8 9 9 9 9 9 9 9 9 9 9 9 9 9 9 9 9 1 1 1 -13 -13 -13 -13 -13 -13 -13 -28 -28 -28 -28 -28 -24 -24 -24 -24 -24 -24 -24 -24 -24 -23 -23 -23 -23 -23 -23 -23 x x x -24 -24 -24 -24 -24 -12 -12 -12 -12 -12 1 1 1 1 1 1 1 1 1 1 1 7 7 7 7 7 7 7 7 7 4 4 4 4 4 4 4 4 4 4 4 4 4 4 4 4 4 2 2 2 2 2 2 2 2 2 0 0 0 0 0 0 5 5 5 5 5 5 5 5 5 5 5 5 5 5 5 5 5 5 5 5 5 3 3 3 3 3 3 3 3 3 3 3 3 3 3 -22 -22 -22 -22 -22 -25 -25 -25 -25 x x x x x x x x x x x x x x x
x x x x x x x x x x x x x x x x x x x x x x x x x x -24 -24 -24 -24 -24 -24 -24 -24 -24 -24 -24 -11 -11 -11 -11 -11 -11 -11 -11 -11 -11 -11 -11 -11 -11 3 3 3 3 3 3 3 3 3 3 3 3 3 3 3 3 3 3 6 6 6 6 6 6 6 6 6 6 6 6 6 6 6 6 6 6 6 5 5 5 5 7 10 10 10 10 10 10 10 10 10 10 10 10 10 10 10 10 10 10 10 6 6 6 6 6 6 6 6 6 6 5 5 5 5 5 5 5 5 5 5 5 5 5 -16 -16 -16 -16 -16 -16 -16 -16 -16 -16 -22 -22 -25 -25 -25 -25 -25 -25 -25 -25 -25 -25 -25 -26 -26 -26 -26 -26 -26 -26 -25 -25 -25 -25 -15 -15 -15 -15 -15 -15 -15 -15 -15 -15 5 5 5 5 5 5 5 5 5 5 5 1 4 4 4 4 4 4 4 4 4 4 4 4 4 6 6 6 6 6 6 6 6 6 6 6 6 6 6 6 6 6 6 6 6 0 3 3 3 3 3 3 3 3 3 3 3 3 3 3 6 6 9 9 9 9 9 9 9 9 9 9 9 9 9 9 9 9 9 9 9 9 9 9 9 9 9 9 9 9 9 9 7 7 7 7 7 7 7 7 7 7 10 10 10 10 10 10 10 10 10 10 10 10 10 10 8 8 8 8 8 8 8 8 8 8 8 8 8 8 8 8 8 8 8 8 9 9 9 9 9 9 9 9 9 9 9 9 9 9 9 9 9 9 9 9 -13 -13 -13 -13 -13 -13 -13 -13 -28 -24 -24 -24 -24 -24 -24 -24 -24 -24 -24 -23 -23 -23 -23 -23 -23 -23 -23 -23 -23 -23 x x -24 -12 -12 -12 -12 -12 -12 -12 1 1 1 1 1 1 1 1 1 1 7 7 7 7 7 7 7 7 7 7 7 4 4 4 4 4 4 4 4 4 4 4 4 4 4 4 2 2 2 2 2 2 2 2 2 2 0 0 0 0 0 0 0 5 5 5 5 5 5 5 5 5 5 5 5 5 5 5 5 5 5 5 3 3 3 3 3 3 3 3 3 3 3 3 3 3 3 -22 -22 -22 -22 -22 -22 -25 -25 x x x x x x x x x x x x x x x x
x x x x x x x x x x x x x x x x x x x x x x x x x x -24 -24 -24 -24 -24 -24 -24 -24 -24 -24 -24 -11 -11 -11 -11 -11 -11 -11 -11 -11 -11 -11 -11 -11 -11 -11 -11 3 3 3 3 3 3 3 3 3 3 3 3 3 3 3 3 3 6 6 6 6 6 6 6 6 6 6 6 6 6 6 6 6 5 5 5 5 5 7 7 7 10 10 10 10 10 10 10 10 10 10 10 10 10 10 10 10 10 10 6 6 6 6 6 6 6 6 5 5 5 5 5 5 5 5 5 5 5 5 5 5 5 5 5 -16 -16 -16 -16 -16 -16 -16 -16 -16 -25 -25 -25 -25 -25 -25 -25 -25 -25 -25 -25 -25 -25 -26 -26 -26 -26 -26 -26 -26 -25 -15 -15 -15 -15 -15 -15 -15 -15 -15 -15 -15 -15 5 5 5 5 5 5 5 5 5 5 5 5 5 4 4 4 4 4 4 4 4 4 4 4 4 6 6 6 6 6 6 6 6 6 6 6 6 6 6 6 6 6 6 0 0 0 3 3 3 3 3 3 3 3 3 3 3 3 3 3 6 6 9 9 9 9 9 9 9 9 9 9 9 9 9 9 9 9 9 9 9 9 9 9 9 9 9 9 9 9 9 9 7 7 7 7 7 7 7 7 7 10 10 10 10 10 10 10 10 10 10 10 10 10 10 10 10 8 8 8 8 8 8 8 8 8 8 8 8 8 8 8 8 8 8 8 9 9 9 9 9 9 9 9 9 9 9 9 9 9 9 9 9 9 9 9 -13 -13 -13 -13 -13 -13 -13 -13 -13 -13 -13 -24 -24 -24 -24 -24 -24 -24 -24 -23 -23 -23 -23 -23 -23 -23 -23 -23 -23 -23 -23 -23 -12 -12 -12 -12 -12 -12 -12 -12 1 1 1 1 1 1 1 1 7 7 7 7 7 7 7 7 7 7 7 7 7 4 4 4 4 4 4 4 4 4 4 4 4 4 4 2 2 2 2 2 2 2 2 2 2 2 0 0 0 0 0 0 0 0 5 5 5 5 5 5 5 5 5 5 5 5 5 5 5 5 5 3 3 3 3 3 3 3 3 3 3 3 3 3 3 3 3 -22 -22 -22 -22 -22 -22 -25 x x x x x x x x x x x x x x x x x
x x x x x x x x x x x x x x x x x x x x x x x x x x -24 -24 -24 -24 -24 -24 -24 -24 -24 -24 -11 -11 -11 -11 -11 -11 -11 -11 -11 -11 -11 -11 -11 -11 -11 -11 -11 -11 -11 -11 -11 3 3 3 3 3 3 3 3 3 3 3 3 3 6 6 6 6 6 6 6 6 6 6 6 6 6 6 5 5 5 5 5 5 7 7 7 7 10 10 10 10 10 10 10 10 10 10 10 10 10 10 10 7 6 6 6 6 6 6 6 6 5 5 5 5 5 5 5 5 5 5 5 5 5 5 5 5 5 5 5 -16 -16 -16 -16 -16 -16 -16 -16 -16 -16 -25 -25 -25 -25 -25 -25 -25 -25 -25 -25 -25 -25 -25 -26 -26 -26 -26 -26 -15 -15 -15 -15 -15 -15 -15 -15 -15 -15 -15 -15 -15 5 5 5 5 5 5 5 5 5 5 5 5 5 5 5 5 4 4 4 4 4 4 4 4 4 4 -11 6 6 6 6 6 6 6 6 6 6 6 6 6 6 6 0 0 0 0 0 3 3 3 3 3 3 3 3 3 3 3 3 3 3 6 9 9 9 9 9 9 9 9 9 9 9 9 9 9 9 9 9 9 9 9 9 9 9 9 9 9 9 9 9 9 4 7 7 7 7 7 7 7 7 10 10 10 10 10 10 10 10 10 10 10 10 10 10 10 10 10 10 8 8 8 8 8 8 8 8 8 8 8 8 8 8 8 8 8 8 9 9 9 9 9 9 9 9 9 9 9 9 9 9 9 9 9 9 9 9 -13 -13 -13 -13 -13 -13 -13 -13 -13 -13 -13 -13 -13 -24 -24 -24 -24 -24 -24 -23 -23 -23 -23 -23 -23 -23 -23 -23 -23 -23 -12 -12 -12 -12 -12 -12 -12 -12 -12 -12 1 1 1 1 1 1 7 7 7 7 7 7 7 7 7 7 7 7 7 7 7 7 4 4 4 4 4 4 4 4 4 4 4 4 2 2 2 2 2 2 2 2 2 2 2 0 0 0 0 0 0 0 0 0 0 5 5 5 5 5 5 5 5 5 5 5 5 5 5 5 3 3 3 3 3 3 3 3 3 3 3 3 3 3 3 3 3 -22 -22 -22 -22 -22 -22 -22 x x x x x x x x x x x x x x x x x
x x x x x x x x x x x x x x x x x x x x x x x x x x -24 -24 -24 -24 -24 -24 -24 -24 -24 -24 -24 -24 -24 -11 -11 -11 -11 -11 -11 -11 -11 -11 -11 -11 -11 -11 -11 -11 -11 -11 -11 -11 -11 -25 -25 3 3 3 3 3 3 3 3 3 3 6 6 6 6 6 6 6 6 6 6 6 5 5 5 5 5 5 7 7 7 7 7 7 10 10 10 10 10 10 10 10 10 10 10 7 7 7 7 7 6 6 6 6 6 6 5 5 5 5 5 5 5 5 5 5 5 5 5 5 5 5 5 5 5 5 5 -16 -16 -16 -16 -16 -16 -16 -16 -16 -16 -16 -25 -25 -25 -25 -25 -25 -25 -25 -25 -25 -25 -25 -25 -26 -26 -15 -15 -15 -15 -15 -15 -15 -15 -15 -15 -15 -15 -15 -15 -15 5 5 5 5 5 5 5 5 5 5 5 5 5 5 5 5 5 5 4 4 4 4 4 -11 -11 -11 -11 6 6 6 6 6 6 6 6 6 6 6 6 6 0 0 0 0 0 0 0 0 0 3 3 3 3 3 3 3 3 3 3 3 3 9 9 9 9 9 9 9 9 9 9 9 9 9 9 9 9 9 9 9 9 9 9 9 9 9 9 9 9 9 9 9 4 4 7 7 7 7 7 7 10 10 10 10 10 10 10 10 10 10 10 10 10 10 10 10 10 10 10 10 8 8 8 8 8 8 8 8 8 8 8 8 8 8 8 8 8 9 9 9 9 9 9 9 9 9 9 9 9 9 9 9 9 9 9 9 9 -13 -13 -13 -13 -13 -13 -13 -13 -13 -13 -13 -13 -13 -13 -13 -13 -24 -24 -24 -23 -23 -23 -23 -23 -23 -23 -23 -23 -23 -12 -12 -12 -12 -12 -12 -12 -12 -12 -12 -12 1 1 1 1 7 7 7 7 7 7 7 7 7 7 7 7 7 7 7 7 7 7 4 4 4 4 4 4 4 4 4 4 4 2 2 2 2 2 2 2 2 2 2 2 2 0 0 0 0 0 0 0 0 0 0 0 5 5 5 5 5 5 5 5 5 5 5 5 5 3 3 3 3 3 3 3 3 3 3 3 3 3 3 3 3 3 3 -22 -22 -22 -22 -22 -22 -22 -22 x x x x x x x x x x x x x x x x
x x x x x x x x x x x x x x x x x x x x x x x x x x -24 -24 -24 -24 -24 -24 -24 -24 -24 -24 -24 -24 -24 -24 -24 -24 -11 -11 -11 -11 -11 -11 -11 -11 -11 -11 -11 -11 -11 -11 -11 -11 -11 -25 -25 -15 -15 -15 -15 3 3 3 3 3 3 6 6 6 6 6 6 6 6 6 5 5 5 5 5 5 5 7 7 7 7 7 7 7 10 10 10 10 10 10 10 7 7 7 7 7 7 7 7 7 7 6 6 6 5 5 5 5 5 5 5 5 5 5 5 5 5 5 5 5 5 5 5 5 5 5 -16 -16 -16 -16 -16 -16 -16 -16 -16 -16 -16 -16 -16 -25 -25 -25 -25 -25 -25 -25 -25 -25 -25 -25 -25 -15 -15 -15 -15 -15 -15 -15 -15 -15 -15 -15 -15 -15 -15 -15 -15 5 5 5 5 5 5 5 5 5 5 5 5 5 5 5 5 5 5 5 5 5 1 -11 -11 -11 -11 -11 -11 -11 6 6 6 6 6 6 6 6 6 6 -24 0 0 0 0 0 0 0 0 0 0 0 0 0 3 3 3 3 3 3 3 3 3 9 9 9 9 9 9 9 9 9 9 9 9 9 9 9 9 9 9 9 9 9 9 9 9 9 9 9 9 9 9 9 4 4 4 7 7 7 7 10 10 10 10 10 10 10 10 10 10 10 10 10 10 10 10 10 10 10 10 10 10 8 8 8 8 8 8 8 8 8 8 8 8 8 8 8 8 9 9 9 9 9 9 9 9 9 9 9 9 9 9 9 9 9 9 9 9 -13 -13 -13 -13 -13 -13 -13 -13 -13 -13 -13 -13 -13 -13 -13 -13 -24 -24 -23 -23 -23 -23 -23 -23 -23 -23 -23 -23 -12 -12 -12 -12 -12 -12 -12 -12 -12 -12 -12 -12 -12 1 7 7 7 7 7 7 7 7 7 7 7 7 7 7 7 7 7 7 7 7 7 4 4 4 4 4 4 4 4 4 2 2 2 2 2 2 2 2 2 2 2 2 2 0 0 0 0 0 0 0 0 0 0 0 0 5 5 5 5 5 5 5 5 5 5 5 3 3 3 3 3 3 3 3 3 3 3 3 3 3 3 3 3 3 3 -22 -22 -22 -22 -22 -22 -22 -22 x x x x x x x x x x x x x x x x
x x x x x x x x x x x x x x x x x x x x x x x x x x x x x x x -24 -24 -24 -24 -24 -24 -24 -24 -24 -24 -24 -24 -24 -24 -11 -11 -11 -11 -11 -11 -11 -11 -11 -11 -11 -11 -11 -24 -24 -25 -25 -15 -15 -15 -15 -15 -15 -15 3 3 3 6 6 6 6 6 6 6 5 5 5 5 5 5 5 7 7 7 7 7 7 7 7 7 10 10 10 7 7 7 7 7 7 7 7 7 7 7 7 7 7 3 3 5 5 5 5 5 5 5 5 5 5 5 5 5 5 5 5 5 5 5 5 5 5 -16 -16 -16 -16 -16 -16 -16 -16 -16 -16 -16 -16 -16 -16 -25 -25 -25 -25 -25 -25 -25 -25 -25 -25 -25 -25 -15 -15 -15 -15 -15 -15 -15 -15 -15 -15 -15 -15 -15 -15 -15 5 5 5 5 5 5 5 5 5 5 5 5 5 5 5 5 5 5 5 5 5 5 5 -11 -11 -11 -11 -11 -11 6 6 6 6 6 6 6 6 -24 -24 -24 -24 -24 0 0 0 0 0 0 0 0 0 0 0 0 -14 3 3 3 3 3 3 9 9 9 9 9 9 9 9 9 9 9 9 9 9 9 9 9 9 9 9 9 9 9 9 9 4 9 9 9 9 9 4 4 4 4 7 7 7 10 10 10 10 10 10 10 10 10 10 10 10 10 10 10 10 10 10 10 10 10 10 10 10 5 8 8 8 8 8 8 8 8 8 8 8 8 8 9 9 9 9 9 9 9 9 9 9 9 9 9 9 9 9 9 9 9 9 9 -13 -13 -13 -13 -13 -13 -13 -13 -13 -13 4 4 -13 -13 -13 -13 -24 -24 -23 -23 -23 -23 -23 -23 -23 -23 -23 -23 -12 -12 -12 -12 -12 -12 -12 -12 -12 -12 -12 -12 7 7 7 7 7 7 7 7 7 7 7 7 7 7 7 7 7 7 7 7 7 7 7 4 4 4 4 4 4 4 2 2 2 2 2 2 2 2 2 2 2 2 2 2 2 0 0 0 0 0 0 0 0 0 0 0 0 -11 -11 5 5 5 5 5 5 5 5 5 3 3 3 3 3 3 3 3 3 3 3 3 3 3 3 3 3 3 3 -22 -22 -22 -22 -22 -22 -22 -22 -22 x x x x x x x x x x x x x x x
x x x x x x x x x x x x x x x x x x x x x x x x x x x x x x x x x x x x -24 -24 -24 -24 -24 -24 -24 -24 -24 -24 -24 -24 -11 -11 -11 -11 -11 -11 -11 -11 -11 -11 -24 -24 -24 -25 -15 -15 -15 -15 -15 -15 -15 -15 -15 -15 6 6 6 6 6 5 5 5 5 5 5 5 5 7 7 7 7 7 7 7 7 7 7 7 7 7 7 7 7 7 7 7 7 7 7 7 7 7 7 7 7 5 5 5 5 5 5 5 5 5 5 5 5 5 5 5 5 5 5 5 5 5 5 5 -16 -16 -16 -16 -16 -16 -16 -16 -16 -16 -16 -16 -16 -16 -16 -25 -25 -25 -25 -25 -25 -25 -25 -25 -25 -25 -15 -15 -15 -15 -15 -15 -15 -15 -15 -15 -15 -15 -15 -15 5 5 5 5 5 5 5 5 5 5 5 5 5 5 5 5 5 5 5 5 5 5 5 5 -11 -11 -11 -11 -11 -11 -11 6 6 6 6 6 6 -24 -24 -24 -24 -24 -24 -24 0 0 0 0 0 0 0 0 0 0 -14 -14 -14 -14 -14 3 3 9 9 9 9 9 9 9 9 9 9 9 9 9 9 9 9 9 9 9 9 9 9 9 9 9 9 9 5 4 4 4 9 4 4 4 4 4 7 10 10 10 10 10 10 10 10 10 10 10 10 10 10 10 10 10 10 10 10 10 10 10 10 10 10 8 8 8 8 8 8 8 8 8 8 8 8 8 9 9 9 9 9 9 9 9 9 9 9 9 9 9 9 9 9 9 9 9 -13 -13 -13 -13 -13 -13 -13 -13 -13 -13 4 4 4 4 -13 -13 -24 -24 -24 -23 -23 -23 -23 -23 -23 -23 -23 -23 -23 -23 -12 -12 -12 -12 -12 -12 -12 -12 -12 -12 -12 7 7 7 7 7 7 7 7 7 7 7 7 7 7 7 7 7 7 7 7 7 7 7 7 4 4 4 4 4 -14 -14 -14 -14 -14 2 2 2 2 2 2 2 2 2 2 0 0 0 0 0 0 0 0 0 0 0 -11 -11 -11 -11 -11 5 5 5 5 5 5 5 3 3 3 3 3 3 3 3 3 3 3 3 3 3 3 3 3 3 3 3 3 -22 -22 -22 -22 -22 -22 -22 -22 -22 x x x x x x x x x x x x x x
x x x x x x x x x x x x x x x x x x x x x x x x x x x x x x x x x x x x x -24 -24 -24 -24 -24 -24 -24 -24 -24 -24 -24 -24 -24 -11 -11 -11 -11 -11 -11 -11 -11 -24 -24 -24 -24 -15 -15 -15 -15 -15 -15 -15 -15 -15 -15 -15 6 6 -15 5 5 5 5 5 5 5 5 5 5 7 7 7 7 7 7 7 7 7 7 7 7 7 7 7 7 7 7 7 7 7 7 7 7 7 7 7 7 5 5 5 5 5 5 5 5 5 5 5 5 5 5 5 5 5 5 5 5 5 -16 -16 -16 -16 -16 -16 -16 -16 -16 -16 -16 -16 -16 -16 -16 -16 -25 -25 -25 -25 -25 -25 -25 -25 -25 -25 -25 -25 -15 -15 -15 -15 -15 -15 -15 -15 -15 -15 -15 -15 -15 5 5 5 5 5 5 5 5 5 5 5 5 5 5 5 5 5 5 5 5 5 5 5 5 -11 -11 -11 -11 -11 -11 -11 -11 6 6 6 -24 -24 -24 -24 -24 -24 -24 -24 -24 -28 0 0 0 0 0 0 0 0 -14 -14 -14 -14 -14 -14 -14 -14 9 9 9 9 9 9 9 9 9 9 9 9 9 9 9 9 9 9 9 9 9 9 9 9 9 9 9 5 4 4 4 4 4 4 4 4 4 10 10 10 10 10 10 10 10 10 10 10 10 10 10 10 10 10 10 10 10 10 10 10 10 10 10 10 10 8 8 8 8 8 8 8 8 8 8 8 8 9 9 9 9 9 9 9 9 9 9 9 9 9 9 9 9 9 9 9 9 -13 -13 -13 -13 -13 -13 -13 -13 -13 -13 4 4 4 4 4 4 -24 -24 -23 -23 -23 -23 -23 -23 -23 -23 3 -23 -23 -23 -23 -12 -12 -12 -12 -12 -12 -12 -12 -12 -12 7 7 7 7 7 7 7 7 7 7 7 7 7 7 7 7 7 7 7 7 7 7 7 7 4 4 4 4 -14 -14 -14 -14 -14 -14 -14 -23 -23 -23 2 2 2 2 2 2 -23 0 0 0 0 0 0 0 0 0 -11 -11 -11 -11 -11 -11 -11 5 5 5 5 5 3 3 3 3 3 3 3 3 1 1 1 1 1 1 1 1 1 1 1 1 1 1 1 -22 -22 -22 -22 -22 -22 -22 -22 -24 x x x x x x x x x x x x x
x x x x x x x x x x x x x x x x x x x x x x x x x x x x x x x x x x x x x x -24 -24 -24 -24 -24 -24 -24 -24 -24 -24 -24 -24 -24 -24 -24 -11 -11 -11 -11 -24 -24 -24 -24 -24 -24 -15 -15 -15 -15 -15 -15 -15 -15 -15 -15 -15 -15 -15 5 5 5 5 5 5 5 5 5 5 7 7 7 7 7 7 7 7 7 7 7 7 7 7 7 7 7 7 7 7 7 7 7 7 7 7 7 7 7 5 5 5 5 5 5 5 5 5 5 5 5 5 5 5 5 5 5 5 5 -16 -16 -16 -16 -16 -16 -16 -16 -16 -16 -16 -16 -16 -16 -16 -25 -25 -25 -25 -25 -25 -25 -25 -25 -25 -25 -25 -25 -15 -15 -15 -15 0 0 0 -15 -15 -15 -15 -15 5 5 5 5 5 5 5 5 5 5 5 5 5 5 5 5 5 5 5 5 5 5 5 5 -11 -11 -11 -11 -11 -11 -11 -11 -11 6 -11 -24 -24 -24 -24 -24 -24 -24 -24 -24 -24 -24 -28 0 0 0 0 0 0 -14 -14 -14 -14 -14 -14 -14 -14 9 9 9 9 9 9 9 9 9 9 9 9 9 9 9 9 9 9 9 9 9 9 9 9 9 9 9 5 5 5 4 4 4 4 4 4 4 10 10 10 10 10 10 10 10 10 10 10 10 10 10 10 10 10 10 10 10 10 10 10 10 10 10 10 10 10 8 8 8 8 8 8 8 8 8 8 8 8 9 9 9 9 9 9 9 9 9 9 9 9 9 9 9 9 9 9 9 9 -13 -13 -13 -13 -13 -13 -13 -13 -13 4 4 4 4 4 4 4 4 -24 -23 -23 -23 -23 -23 -23 -23 3 3 3 -23 -23 -23 -12 -12 -12 -12 -12 -12 -12 -12 -12 7 7 7 7 7 7 7 7 7 7 7 7 7 7 7 7 7 7 7 7 7 7 7 7 7 7 4 4 -14 -14 -14 -14 -14 -14 -14 -14 -23 -23 -23 -23 -23 -23 -23 -23 2 -23 -23 0 0 0 0 0 0 0 -11 -11 -11 -11 -11 -11 -11 -11 1 5 5 5 1 1 1 1 1 1 1 1 1 1 1 1 1 1 1 1 1 1 1 1 1 1 1 1 -22 -22 -22 -22 -22 -22 -22 -22 -22 x x x x x x x x x x x x x
x x x x x x x x x x x x x x x x x x x x x x x x x x x x x x x x x x x x x x x -24 -24 -24 -24 -24 -24 -24 -24 -24 -24 -24 -24 -24 -24 -24 -24 -24 -11 -24 -24 -24 -24 -24 -25 -15 -15 -15 -15 -15 -15 -15 -15 -15 -15 -15 -15 5 5 5 5 5 5 5 5 5 5 5 5 7 7 7 7 7 7 7 7 7 7 7 7 7 7 7 7 7 7 7 7 7 7 7 7 7 7 7 5 5 5 5 5 5 5 5 5 5 5 5 5 5 5 5 5 5 5 5 -16 -16 -16 -16 -16 -16 -16 -16 -16 -16 0 0 0 -16 -16 -25 -25 -25 -25 -25 -25 -25 -25 -25 -25 -25 -25 -25 0 0 0 0 0 0 0 0 -15 -15 -15 -15 -15 5 5 5 5 5 7 7 7 5 5 5 5 5 5 5 5 5 5 5 5 5 5 5 5 -11 -11 -11 -11 -11 -11 -11 -11 -11 -11 -24 -24 -24 -24 -24 -24 -24 -24 -24 -24 -24 -24 -28 -28 -28 0 0 0 0 -14 -14 -14 -14 -14 -14 -14 9 9 9 9 9 9 9 9 9 9 9 9 9 9 9 9 9 9 9 9 9 9 9 9 9 9 9 5 5 5 5 5 4 4 4 4 4 10 10 10 10 10 10 10 10 10 10 10 10 10 10 10 10 10 10 10 10 10 10 10 10 10 10 10 10 10 5 5 8 8 8 8 8 8 8 9 9 9 8 9 9 9 9 9 9 9 9 9 9 9 9 9 9 9 9 9 9 9 9 7 7 7 7 7 7 7 7 7 4 4 4 4 4 4 4 4 4 4 -23 -23 -23 -23 -23 3 3 3 3 3 -23 -23 -23 -12 -12 -12 -12 -12 -12 -12 7 7 7 7 7 7 7 7 7 7 7 7 7 7 7 7 7 7 7 7 7 7 7 7 7 7 7 4 -14 -14 -14 -14 -14 -14 -14 -14 -23 -23 -23 -23 -23 -23 -23 -23 -23 -23 -23 -23 -23 0 0 0 0 -11 -11 -11 -11 -11 -11 -11 -11 -11 -11 -11 1 5 1 1 1 1 1 1 1 1 1 1 1 1 1 1 1 1 1 1 1 1 1 1 1 1 -22 -22 -22 -22 -22 -22 -22 -22 -22 -22 x x x x x x x x x x x x x
x x x x x x x x x x x x x x x x x x x x x x x x x x x x x x x x x x x x x x x x -24 -24 -24 -24 -24 -24 -24 -24 -24 -24 -24 -24 -24 -24 -24 -24 -24 -24 -24 -24 -24 -25 -25 -15 -15 -15 -15 -15 -15 -15 -15 -15 -15 -15 -15 5 5 5 5 5 5 5 5 5 5 5 5 5 7 7 7 7 7 7 7 7 7 7 7 7 7 7 7 7 7 7 7 7 7 7 7 7 7 5 5 5 5 5 5 5 5 5 5 5 5 5 5 5 5 5 6 6 5 5 -16 -16 -16 -16 -16 -16 -16 -16 -16 -16 0 0 0 0 0 0 -25 -25 -25 -25 -25 -25 -25 -25 0 0 0 0 0 0 0 0 0 0 0 0 -15 -15 -15 -15 5 5 5 5 7 7 7 7 7 5 5 5 5 5 5 5 5 5 5 5 5 5 5 5 -11 -11 -11 -11 -11 -11 -11 -11 -11 -11 -24 -24 -24 -24 -24 -24 -24 -24 -24 -24 -24 -24 -24 -24 -28 -28 -28 0 0 -14 -14 -14 -14 -14 -14 -14 -14 -14 -14 9 9 9 9 9 9 9 9 9 9 9 9 9 9 9 9 9 9 9 9 9 9 9 9 5 5 5 5 5 5 4 4 4 4 4 4 10 10 10 10 10 10 10 10 10 10 10 10 10 10 10 10 10 10 10 10 10 10 10 10 10 10 10 5 5 5 8 8 8 8 8 8 9 9 9 9 9 9 9 9 9 9 9 9 9 9 9 9 9 9 9 9 9 9 9 9 9 7 7 7 7 7 7 7 7 7 7 7 7 7 7 4 4 4 4 4 4 4 -23 -23 3 3 3 3 3 3 3 3 -23 -12 -12 -12 -12 -12 7 7 7 7 7 7 7 7 7 7 7 7 7 7 7 7 7 7 7 7 7 7 7 7 7 7 7 7 7 7 -14 -14 -14 -14 -14 -14 -14 -14 -23 -23 -23 -23 -23 -23 -23 -23 -23 -23 -23 -23 -23 0 0 0 -25 -11 -11 -11 -11 -11 -11 -11 -11 -11 -11 -11 -11 1 1 1 1 1 1 1 1 1 1 1 1 1 1 1 1 1 1 1 1 1 1 1 1 -22 -22 -22 -22 -22 -22 -22 -22 -22 -22 -22 -22 x x x x x x x x x x x x
x x x x x x x x x x x x x x x x x x x x x x x x x x x x x x x x x x x x x x x x x -24 -24 -24 -24 -24 -24 -24 -24 -24 -24 -24 -24 -24 -24 -24 -24 -24 -24 -24 -25 -25 -25 -25 -15 -15 -15 -15 -15 -15 -15 -15 -15 -15 -15 5 5 5 5 5 5 5 5 5 5 5 5 5 5 7 7 7 7 7 7 7 7 7 7 7 7 7 7 7 7 7 7 7 7 7 7 5 5 5 5 5 5 5 5 5 5 5 5 5 5 5 5 5 5 5 6 6 6 6 6 6 6 -16 -16 -16 -16 -16 -16 -16 0 0 0 0 0 0 0 0 0 0 0 0 0 0 0 0 0 0 0 0 0 0 0 0 0 0 -15 -15 -15 -15 5 7 7 7 7 7 7 7 7 5 5 5 5 5 5 5 5 5 5 5 5 5 5 5 -11 -11 -11 -11 -11 -11 -11 -11 -11 -11 -24 -24 -24 -24 -24 -24 -24 -24 -24 -24 -24 -24 -24 -24 -24 -28 -28 -28 -14 -14 -14 -14 -14 -14 -14 -14 -14 -14 -14 -14 9 9 9 9 9 9 9 9 9 9 9 9 9 9 9 9 9 9 9 9 9 9 9 5 5 5 5 5 5 5 4 4 4 4 4 4 10 10 10 10 10 10 10 10 10 10 10 10 10 10 10 10 10 10 10 10 10 10 10 10 10 5 5 5 5 5 8 8 8 8 8 9 9 9 9 9 9 9 9 9 9 9 9 9 9 9 9 9 9 9 9 9 9 9 9 9 7 7 7 7 7 7 7 7 7 7 7 7 7 7 4 4 4 4 4 4 4 4 -23 3 3 3 3 3 3 3 3 3 -23 -12 -12 7 7 7 7 7 7 7 7 7 7 7 7 7 7 7 7 7 7 7 7 7 7 7 7 7 7 7 7 7 7 7 7 7 -14 -14 -14 -14 -14 -14 -23 -23 -23 -23 -23 -23 -23 -23 -23 -23 -23 -23 -23 -25 -25 0 -25 -25 -11 -11 -11 -11 -11 -11 -11 -11 -11 -11 -11 -11 -11 1 1 1 1 1 1 1 1 1 1 1 1 1 1 1 1 1 1 1 1 1 1 -22 -22 -22 -22 -22 -22 -22 -22 -22 -22 -22 -22 -22 -22 x x x x x x x x x x x
x x x x x x x x x x x x x x x x x x x x x x x x x x x x x x x x x x x x x x x x x x -24 -24 -24 -24 -24 -24 -24 -24 -24 -24 -24 -24 -24 -24 -24 -24 -24 -25 -25 -25 -25 -25 -15 -15 -15 -15 -15 -15 -15 -15 -15 -15 -15 -15 -15 5 5 5 5 5 5 5 5 5 5 5 5 5 7 7 7 7 7 7 7 7 7 7 7 7 7 7 7 7 7 7 7 7 4 5 5 5 5 5 5 5 5 5 5 5 5 5 5 5 5 5 5 5 6 6 6 6 6 6 6 6 6 6 6 6 6 0 0 0 0 0 0 0 0 0 0 0 0 0 0 0 0 0 0 0 0 0 0 0 0 0 0 0 0 -15 7 7 7 7 7 7 7 7 7 7 7 7 5 5 5 5 5 5 5 5 5 5 5 5 5 -11 -11 -11 -11 -11 -11 -11 -11 -11 -11 -24 -24 -24 -24 -24 -24 -24 -24 -24 -24 -24 -24 -24 -24 -24 -24 -28 -28 -28 -28 -14 -14 -14 -14 -14 -14 -14 -14 -14 -14 -14 -14 -14 9 9 9 9 9 9 9 9 9 9 9 9 9 9 9 9 9 9 9 9 5 5 5 5 5 5 5 5 4 4 4 4 4 9 9 10 10 10 10 10 10 10 10 10 10 10 10 10 10 10 10 10 10 10 10 10 10 10 5 5 5 5 5 5 8 8 8 8 9 9 9 9 9 9 9 9 9 9 9 9 9 9 9 9 9 9 9 9 9 9 9 9 9 9 7 7 7 7 7 7 7 7 7 7 7 7 7 7 4 4 4 4 4 4 4 4 4 4 3 3 3 3 3 3 3 3 3 7 7 7 7 7 7 7 7 7 7 7 7 7 7 7 7 7 7 7 7 7 7 7 7 7 7 7 7 7 7 7 7 7 7 -14 -14 -14 -14 -14 -14 -14 -23 -23 -23 -23 -23 -23 -23 -23 -23 -23 -23 -23 -23 -25 -25 -25 -25 -25 -11 -11 -11 -11 -11 -11 -11 -11 -11 -11 -11 -11 -11 -11 -11 1 1 1 1 1 1 1 1 1 1 1 1 1 1 1 1 1 1 1 1 -22 -22 -22 -22 -22 -22 -22 -22 -22 -22 -22 -22 -24 x x x x x x x x x x x x
x x x x x x x x x x x x x x x x x x x x x x x x x x x x x x x x x x x x x x x x x x x -24 -24 -24 -24 -24 -24 -24 -24 -24 -24 -24 -24 -24 -24 -24 -25 -25 -25 -25 -25 -25 -25 -15 -15 -15 -15 -15 -15 -15 -15 -15 -15 -15 -15 -15 -15 5 5 5 5 5 5 5 5 5 6 6 6 7 7 7 7 7 7 7 7 7 7 7 7 7 7 7 7 7 7 4 4 5 5 5 5 5 5 5 5 5 5 5 5 5 5 5 5 5 5 5 6 6 6 6 6 6 6 6 6 6 6 6 6 6 6 6 6 6 0 0 0 0 0 0 0 0 0 0 0 0 0 0 0 0 0 0 0 0 0 7 7 7 7 7 7 7 7 7 7 7 7 7 7 7 5 5 5 5 5 5 5 5 5 5 5 5 5 -11 -11 -11 -11 -11 -11 -11 -11 -11 -24 -24 -24 -24 -24 -24 -24 -24 -24 -24 -24 -24 -24 -24 -24 -24 -24 -24 -28 -28 -28 -28 -14 -14 -14 -14 -14 -14 -14 -14 -14 -14 -14 -14 -14 9 9 9 9 9 9 9 9 9 9 9 9 9 9 9 9 9 9 5 5 5 5 5 5 9 9 9 9 9 9 9 9 9 9 9 10 10 10 10 10 10 10 10 10 10 10 10 10 10 10 10 10 10 10 10 10 5 5 5 5 5 5 5 8 8 8 9 9 9 9 9 9 9 9 9 9 9 9 9 9 9 9 9 9 9 9 9 9 9 9 9 9 7 7 7 7 7 7 7 7 7 7 7 7 7 7 7 4 4 4 4 4 4 4 4 4 4 4 3 3 3 3 3 3 7 7 7 7 7 7 7 7 7 7 7 7 7 7 7 7 7 7 7 7 7 7 7 7 7 7 7 7 7 7 7 7 7 7 -14 -14 -14 -14 -14 -14 -14 -14 -23 -23 -23 -23 -23 -23 -23 -23 -23 -23 -23 -23 -23 -23 -25 -25 -25 -25 -25 -11 -11 -11 -11 -11 -11 -11 -11 -11 -11 -11 -11 -11 -11 -11 -11 1 1 1 1 1 1 1 1 1 1 1 1 1 1 1 1 1 1 -22 -22 -22 -22 -22 -22 -22 -22 -22 -22 -22 -22 -24 -24 x x x x x x x x x x x x
x x x x x x x x x x x x x x x x x x x x x x x x x x x x x x x x x x x x x x x x x x x x -24 -24 -24 -24 -24 -24 -24 -24 -24 -24 -24 -24 -24 -25 -25 -25 -25 -25 -25 -25 -25 -15 -15 -15 -15 -15 -15 -15 -15 -15 -15 -15 -15 -15 -15 -15 5 5 5 5 5 5 6 6 6 6 6 7 7 7 7 7 7 7 7 7 7 7 7 7 7 7 7 7 4 4 4 4 5 5 5 5 5 5 5 5 5 5 5 5 5 5 5 5 5 6 6 6 6 6 6 6 6 6 6 6 6 6 6 6 6 6 6 6 6 0 0 0 0 0 0 0 0 0 0 0 0 0 0 0 0 0 0 7 7 7 7 7 7 7 7 7 7 7 7 7 7 7 7 7 5 5 5 5 5 5 5 5 5 5 5 5 -11 -11 -11 -11 -11 -11 -11 -11 -11 -11 -24 -24 -24 -24 -24 -24 -24 -24 -24 -24 -24 -24 -24 -24 -24 -24 -28 -28 -28 -28 -28 -25 -14 -14 -14 -14 -14 -14 -14 -14 -14 -14 -14 -14 -14 -14 -14 9 9 9 9 9 9 9 9 9 9 9 9 9 9 9 9 5 5 5 5 9 9 9 9 9 9 9 9 9 9 9 9 9 9 10 10 10 10 10 10 10 10 10 10 10 10 10 10 10 10 10 10 10 5 5 5 5 5 5 5 5 5 8 8 9 9 9 9 9 9 9 9 9 9 9 9 9 9 9 9 9 9 9 9 9 9 9 9 9 9 7 7 7 7 7 7 7 7 7 7 7 7 7 7 7 4 4 4 4 4 4 4 4 4 4 4 4 4 3 3 3 7 7 7 7 7 7 7 7 7 7 7 7 7 7 7 7 7 7 7 7 7 7 7 7 7 7 7 7 7 7 7 7 7 -14 -14 -14 -14 -14 -14 -14 -14 -14 -14 -23 -23 -23 -23 -23 -23 -23 -23 -23 -23 -23 -23 -23 -25 -25 -25 -25 -25 -25 -11 -11 -11 -11 -11 -11 -11 -11 -11 -11 -11 -11 -11 -11 -11 -11 -11 1 1 1 1 1 1 1 1 1 1 1 1 1 1 1 1 -22 -22 -22 -22 -22 -22 -22 -22 -22 -22 -22 -24 -24 -24 -24 x x x x x x x x x x x x
x x x x x x x x x x x x x x x x x x x x x x x x x x x x x x x x x x x x x x x x x x x x x -24 -24 -24 -24 -24 -24 -24 -24 -24 -24 -24 -25 -25 -25 -25 -25 -25 -25 -25 -25 -15 -15 -15 -15 -15 -15 -15 -15 -15 -15 -15 -15 -15 -15 4 4 4 5 5 5 5 6 6 6 6 6 6 7 7 7 7 7 7 7 7 7 7 7 7 7 7 7 4 4 4 4 4 4 4 5 5 5 5 5 5 5 5 5 5 5 5 5 5 5 6 6 6 6 6 6 6 6 6 6 6 6 6 6 6 6 6 6 6 6 0 0 0 0 0 0 0 0 0 0 0 0 0 0 0 7 7 7 7 7 7 7 7 7 7 7 7 7 7 7 7 7 7 7 7 7 5 5 5 5 5 5 5 5 5 5 5 -11 -11 -11 -11 -11 -11 -11 -11 -11 -24 -24 -24 -24 -24 -24 -24 -24 -24 -24 -24 -24 -24 -24 -24 -28 -28 -28 -28 -28 -28 -25 -25 -25 -14 -14 -14 -14 -14 -14 -14 -14 -14 -14 -14 -14 -14 -14 -14 9 9 9 9 9 9 9 9 9 9 9 9 9 9 5 5 5 5 5 9 9 9 9 9 9 9 9 9 9 9 9 9 9 9 10 10 10 10 10 10 10 10 10 10 10 10 10 10 10 10 10 7 7 5 5 5 5 5 5 5 5 8 9 9 9 9 9 9 9 9 9 9 9 9 9 9 9 9 9 9 9 9 9 9 9 9 9 9 9 9 7 7 7 7 7 7 7 7 7 7 7 7 7 7 4 4 4 4 4 4 4 4 4 4 4 4 4 4 7 7 7 7 7 7 7 7 7 7 7 7 7 7 7 7 7 7 7 7 7 7 7 7 7 7 7 7 7 7 7 7 7 -14 -14 -14 -14 -14 -14 -14 -14 -14 -14 -14 -23 -23 -23 -23 -23 -23 -23 -23 -23 -23 -23 -23 -23 -23 -25 -25 -25 -25 -25 -25 -11 -11 -11 -11 -11 -11 -11 -11 -11 -11 -11 -11 -11 -11 -11 -11 -11 -11 1 1 1 1 1 1 1 1 1 1 1 1 1 1 -22 -22 -22 -22 -22 -22 -22 -22 -22 -22 -22 -24 -24 -24 -24 -24 x x x x x x x x x x x x
x x x x x x x x x x x x x x x x x x x x x x x x x x x x x x x x x x x x x x x x x x x x x x -24 -24 -24 -24 -24 -24 -24 -24 -24 -25 -25 -25 -25 -25 -25 -25 -25 -25 -25 -25 -15 -15 -15 -15 -15 -15 -15 -15 -15 -15 -15 -15 4 4 4 4 4 4 5 5 6 6 6 6 6 6 6 7 7 7 7 7 7 7 7 7 7 7 7 6 6 4 4 4 4 4 4 5 5 5 5 5 5 5 5 5 5 5 5 5 5 5 5 6 6 6 6 6 6 6 6 6 6 6 6 6 6 6 6 6 6 6 0 0 0 0 0 0 0 0 0 0 0 0 0 0 7 7 7 7 7 7 7 7 7 7 7 7 7 7 7 7 7 7 7 7 7 7 7 5 5 5 5 5 5 5 5 5 5 0 -11 -11 -11 -11 -11 -11 -11 -11 -28 -24 -24 -24 -24 -24 -24 -24 -24 -24 -24 -24 -24 -24 -24 -28 -28 -28 -28 -28 -25 -25 -25 -25 -25 -14 -14 -14 -14 -14 -14 -14 -14 -14 -14 -14 -14 -14 -14 -14 -16 9 9 9 9 9 9 9 9 9 9 9 9 5 5 5 5 5 5 5 9 9 9 9 9 9 9 9 9 9 9 9 9 9 9 10 10 10 10 10 10 10 10 10 10 10 10 10 10 10 7 7 7 5 5 5 5 5 5 5 5 9 9 9 9 9 9 9 9 9 9 9 9 9 9 9 9 9 9 9 9 9 9 9 9 9 9 9 9 9 7 7 7 7 7 7 7 7 7 7 7 7 7 7 4 4 4 4 4 4 4 4 4 4 4 4 7 7 7 7 7 7 7 7 7 7 7 7 7 7 7 7 7 7 7 7 7 7 7 7 7 7 7 7 7 7 7 7 7 0 0 0 -23 -14 -14 -14 -14 -14 -14 -14 -14 -14 -23 -23 -23 -23 -23 -23 -23 -23 -23 -23 -23 -23 -23 x -25 -25 -25 -25 -25 -25 -11 -11 -11 -11 -11 -11 -11 -11 -11 -11 -11 -11 -11 -11 -11 -11 -11 -11 -11 1 1 1 1 1 1 1 1 1 1 1 1 -14 -22 -22 -22 -22 -22 -22 -22 -22 -22 -24 -24 -24 -24 -24 -24 -24 x x x x x x x x x x x x
x x x x x x x x x x x x x x x x x x x x x x x x x x x x x x x x x x x x x x x x x x x x x x x -24 -24 -24 -24 -24 -24 -24 x -25 -25 -25 -25 -25 -25 -25 -25 -25 -25 -25 -15 -15 -15 -15 -15 -15 -15 -15 -15 -15 -15 4 4 4 4 4 4 4 4 5 5 6 6 6 6 6 6 6 7 7 7 7 7 7 7 7 7 7 6 6 6 6 4 4 4 4 5 5 5 5 5 5 5 5 5 5 5 5 5 5 5 5 5 6 6 6 6 6 6 6 6 6 6 6 6 6 6 6 6 6 6 6 0 0 0 0 0 0 0 0 0 0 0 0 0 0 0 7 7 7 7 7 7 7 7 7 7 7 7 7 7 7 7 7 7 7 7 7 7 7 5 5 5 5 5 5 5 5 5 0 -11 -11 -11 -11 -11 -11 -11 -11 -28 -28 -24 -24 -24 -24 -24 -24 -24 -24 -24 -24 -24 x x -28 -28 -28 -28 -25 -25 -25 -25 -25 -25 -25 -14 -14 -14 -14 -14 -14 -14 -14 -14 -14 -14 -14 -16 -16 -16 -16 -16 9 9 9 9 9 9 9 9 9 9 5 5 5 5 5 5 5 9 9 9 9 9 9 9 9 9 9 9 9 9 9 9 9 9 10 10 10 10 10 10 10 10 10 10 10 10 7 7 7 7 7 5 5 5 5 5 5 5 9 9 9 9 9 9 9 9 9 9 9 9 9 9 9 9 9 9 9 9 9 9 9 9 9 9 9 9 9 7 7 7 7 7 7 7 7 7 7 7 7 7 7 4 4 4 4 4 4 4 4 4 4 4 4 7 7 7 7 7 7 7 7 7 7 7 7 7 7 7 7 7 7 7 7 7 7 7 7 7 7 7 7 7 7 7 0 0 0 0 0 -23 -23 -23 -14 -14 -14 -14 -14 -14 -23 -23 -23 -23 -23 -23 x x -23 -23 -23 -23 -23 -23 x x -25 -25 -25 -25 -25 -11 -11 -11 -11 -11 -11 -11 -11 -11 -11 -11 -11 -11 -11 -11 -11 -11 -11 -11 -11 -11 1 1 1 1 1 1 1 1 1 -14 -14 -22 -22 -22 -22 -22 -22 -22 -22 -24 -24 -24 -24 -24 -24 -24 -24 x x x x x x x x x x x x
x x x x x x x x x x x x x x x x x x x x x x x x x x x x x x x x x x x x x x x x x x x x x x x x -24 -24 -24 -24 -24 x x x x -25 -25 -25 -25 -25 -25 -25 -25 -25 -15 -15 -15 -15 -15 -15 -15 -15 -15 -15 4 4 4 4 4 4 4 4 4 4 4 6 6 6 6 6 6 6 6 7 7 7 7 7 7 7 7 6 6 6 6 6 4 4 4 4 5 5 5 5 5 5 5 5 5 5 5 5 5 5 5 5 5 6 6 6 6 6 6 6 6 6 6 6 6 6 6 6 6 6 6 6 0 0 0 0 0 0 0 0 0 0 0 0 0 0 0 7 7 7 7 7 7 7 7 7 7 7 7 7 7 7 7 7 7 7 7 7 7 7 0 5 5 5 5 5 5 5 0 0 -11 -11 -11 -11 -11 -11 -11 -28 -28 -28 -24 -24 -24 -24 -24 -24 -24 -24 -24 x x x x x x x -25 -25 -25 -25 -25 -25 -25 -25 -25 -14 -14 -14 -14 -14 -14 -14 -14 -14 -16 -16 -16 -16 -16 -16 -16 -16 9 9 9 9 9 9 9 9 5 5 5 5 5 5 5 5 9 9 9 9 9 9 9 9 9 9 9 9 9 9 9 9 9 9 10 10 10 10 10 10 10 10 10 10 7 7 7 7 7 7 7 4 5 5 5 5 9 9 9 9 9 9 9 9 9 9 9 9 9 9 9 9 9 9 9 9 9 9 9 9 9 9 9 9 9 9 9 7 7 7 7 7 7 7 7 7 7 7 7 7 4 4 4 4 4 4 4 4 4 4 4 4 4 7 7 7 7 7 7 7 7 7 7 7 7 7 7 7 7 7 7 7 7 7 7 7 7 7 7 7 7 0 0 0 0 0 0 0 -23 -23 -23 -23 -23 -14 -14 -14 -14 -23 -23 -23 -23 -23 -23 x x x x x -23 -23 -23 x x x -25 -25 -25 -25 -25 -25 -25 -25 -25 -25 -25 -25 -25 -25 -25 -25 -25 -14 -14 -14 -14 -14 -14 -14 -14 -14 1 1 1 1 1 1 1 1 -14 -14 -22 -22 -22 -22 -22 -22 -24 -24 -24 -24 -24 -24 -24 -24 -24 -24 -24 x x x x x x x x x x x
x x x x x x x x x x x x x x x x x x x x x x x x x x x x x x x x x x x x x x x x x x x x x x x x x -24 -24 -24 x x x x x x x -25 -25 -25 -25 -25 -25 -25 -25 -15 -15 -15 -15 -15 -15 -15 -28 4 4 4 4 4 4 4 4 4 4 4 4 4 6 6 6 6 6 6 6 6 7 7 7 7 7 7 6 6 6 6 6 6 6 4 4 5 5 5 5 5 5 5 5 6 6 5 5 5 5 5 5 5 5 6 6 6 6 6 6 6 6 6 6 6 6 6 6 6 6 6 6 6 0 0 0 0 0 0 0 0 0 0 0 0 0 0 0 7 7 7 7 7 7 7 7 7 7 7 7 7 7 7 7 7 7 7 7 7 7 7 0 0 0 5 5 5 5 5 0 0 -28 -11 -11 -11 -11 -11 -28 -28 -28 -28 -28 -24 -24 -24 -24 -24 -24 x x x x x x x x -25 -25 -25 -25 -25 -25 -25 -25 -25 -25 -14 -14 -14 -14 -14 -14 -14 -14 -16 -16 -16 -16 -16 -16 -16 -16 -16 -16 -16 9 9 9 9 9 5 5 5 5 5 5 5 5 5 9 9 9 9 9 9 9 9 9 9 9 9 9 9 9 9 9 9 9 10 10 10 10 10 10 10 10 7 7 7 7 7 7 7 7 7 4 4 4 9 9 9 9 9 9 9 9 9 9 9 9 9 9 9 9 9 9 9 9 9 9 9 9 9 9 9 9 9 9 9 9 7 7 7 7 7 7 7 7 7 7 7 7 7 4 4 4 4 4 4 4 4 4 4 4 4 4 7 7 7 7 7 7 7 7 7 7 7 7 7 7 7 7 7 7 9 9 9 7 7 7 7 7 0 0 0 2 2 2 0 0 0 0 -23 -23 -23 -23 -23 -23 -14 -23 -23 -23 -23 -23 -23 -23 x x x x x x x x x x x x -25 -25 -25 -25 -25 -25 -25 -25 -25 -25 -25 -25 -25 -25 -25 -25 -14 -14 -14 -14 -14 -14 -14 -14 -14 -14 1 1 1 1 1 1 -14 -14 -14 -22 -22 -22 -22 -22 -24 -24 -24 -24 -24 -24 -24 -24 -24 -24 -24 -24 x x x x x x x x x x x
x x x x x x x x x x x x x x x x x x x x x x x x x x x x x x x x x x x x x x x x x x x x x x x x x x -24 x x x x x x x x x -25 -25 -25 -25 -25 -25 -25 -15 -15 -15 -15 -15 -28 -28 -28 4 4 4 4 4 4 4 4 4 4 4 4 4 6 6 6 6 6 6 6 6 7 7 7 7 7 6 6 6 6 6 6 6 6 4 5 5 5 5 5 5 5 5 6 6 6 6 6 6 5 5 5 5 6 6 6 6 6 6 6 6 6 6 6 6 6 6 6 6 6 6 6 6 0 0 0 0 0 0 0 0 0 0 0 0 0 0 0 0 7 7 7 7 7 7 7 7 7 7 7 7 7 7 7 7 7 7 7 7 7 7 7 0 0 0 0 5 5 0 0 0 0 -23 -23 -11 -11 -11 -28 -28 -28 -28 -28 -24 -24 -24 -24 x x x x x x x x x x x -25 -25 -25 -25 -25 -25 -25 -25 -25 -25 -14 -14 -14 -14 -14 -25 -25 -16 -16 -16 -16 -16 -16 -16 -16 -16 -16 -16 -16 9 9 9 9 5 5 5 5 5 5 5 5 5 9 9 9 9 9 9 9 9 9 9 9 9 9 9 9 9 9 9 9 9 10 10 10 10 10 10 10 7 7 7 7 7 7 7 7 7 7 4 4 9 9 9 9 9 9 9 9 9 9 9 9 9 9 9 9 9 9 9 9 9 9 9 9 9 9 9 9 9 9 9 9 7 7 7 7 7 7 7 7 7 7 7 7 7 4 4 4 4 4 4 4 4 4 4 4 4 3 3 7 7 7 7 7 7 7 7 7 7 7 7 7 7 9 9 9 9 9 9 7 7 7 7 0 2 2 2 2 2 2 0 0 0 0 -23 -23 -23 -23 -23 -23 -23 -23 -23 -23 -23 -23 -23 -23 x x x x x x x x x x x x x -25 -25 -25 -25 -25 -25 -25 -25 -25 -25 -25 -25 -25 -25 -25 -14 -14 -14 -14 -14 -14 -14 -14 -14 -14 -14 1 1 1 1 -14 -14 -14 -14 -24 -22 -22 -24 -24 -24 -24 -24 -24 -24 -24 -24 -24 -24 -24 -24 -24 x x x x x x x x x x x
x x x x x x x x x x x x x x x x x x x x x x x x x x x x x x x x x x x x x x x x x x x x x x x x x x x x x x x x x x x x x -28 -25 -25 -25 -25 -28 -28 -15 -28 -28 -28 -28 -28 -28 -28 4 4 4 4 4 4 4 4 4 4 4 4 4 6 6 6 6 6 6 6 6 7 7 6 6 6 6 6 6 6 6 6 6 9 9 5 5 5 5 5 5 5 6 6 6 6 6 6 6 6 5 5 6 6 9 6 6 6 6 6 6 6 6 6 6 6 6 6 6 6 6 4 4 4 0 0 0 0 0 0 0 0 0 0 0 0 0 0 7 7 7 7 7 7 7 7 7 7 7 7 7 7 7 7 7 7 7 7 7 7 7 3 0 0 0 0 0 0 0 0 0 -23 -23 -23 -11 -28 -28 -28 -28 -28 -28 -28 -24 -28 -28 x x x x x x x x x x x x -25 -25 -25 -25 -25 -25 -25 -25 -25 -14 -14 -14 -25 -25 -25 -16 -16 -16 -16 -16 -16 -16 -16 -16 -16 -16 -16 -16 -16 -16 9 5 5 5 5 5 5 5 5 5 5 9 9 9 9 9 9 9 9 9 9 9 9 9 9 9 9 9 9 9 9 9 10 10 10 10 10 7 7 7 7 7 7 7 7 7 7 7 7 9 9 9 9 9 9 9 9 9 9 9 9 9 9 9 9 9 9 9 9 9 9 9 9 9 9 9 9 9 9 9 9 9 9 7 7 7 7 7 7 7 7 7 7 7 7 4 4 4 4 4 4 4 4 4 4 4 4 3 3 7 7 7 7 7 7 7 7 7 7 9 9 9 9 9 9 9 9 9 9 7 7 7 7 7 2 2 2 2 2 2 2 0 0 0 -23 -23 -23 -23 -23 -23 -23 -23 -23 -23 -23 -23 -23 -23 x x x x x x x x x x x x x x -25 -25 -25 -25 -25 -25 -25 -25 -25 -25 -25 -25 -25 -25 -14 -14 -14 -14 -14 -14 -14 -14 -14 -14 -14 -14 1 1 -14 -14 -14 -14 -14 -24 -24 -24 -24 -24 -24 -24 -24 -24 -24 -24 -24 -24 -24 -24 -24 -24 x x x x x x x x x x x
x x x x x x x x x x x x x x x x x x x x x x x x x x x x x x x x x x x x x x x x x x x x x x x x x x x x x x x x x x x x -28 -28 -28 -28 -25 -25 -28 -28 -28 -28 -28 -28 -28 -28 -28 -28 -28 4 4 4 4 4 4 4 4 4 4 4 4 6 6 6 6 6 6 6 6 6 6 6 6 6 6 6 6 6 6 6 9 9 9 9 5 5 5 5 5 6 6 6 6 6 6 6 6 6 6 6 6 9 9 9 9 9 6 6 6 6 6 6 6 6 6 6 6 6 6 4 4 4 4 4 4 4 0 0 0 0 0 0 0 0 0 0 7 7 7 7 7 7 7 7 7 7 7 7 7 7 7 7 7 7 7 7 7 7 7 3 3 3 0 0 0 0 0 0 0 -23 -23 -23 -23 -28 -28 -28 -28 -28 -28 -28 -28 -28 -28 -28 x x x x x x x x x x x x -25 -25 -25 -25 -25 -25 -25 -25 -25 -14 -25 -25 -25 -25 -16 -16 -16 -16 -16 -16 -16 -16 -16 -16 -16 -16 -16 -16 -16 -16 5 5 5 5 5 5 5 5 5 5 9 9 9 9 9 9 9 9 9 9 9 9 9 9 9 9 9 9 9 9 9 9 10 10 10 7 7 7 7 7 7 7 7 4 7 7 7 9 9 9 9 9 9 9 9 9 9 9 9 9 9 10 10 9 9 9 9 9 9 9 9 9 9 9 9 9 9 9 9 9 9 9 7 7 7 7 7 7 7 7 7 7 7 7 4 4 4 4 4 4 4 4 4 4 4 3 3 3 3 7 10 10 10 7 7 9 9 9 9 9 9 9 9 9 9 9 9 9 9 7 7 7 7 7 2 2 2 2 2 2 0 0 0 0 -23 -23 -23 -23 -23 -23 -23 -23 -23 -23 -23 -23 -23 x x x x x x x x x x x x x x x x -25 -25 -25 -25 -25 -25 -25 -25 -25 -25 -25 -25 -14 -14 -14 -14 -14 -14 -14 -14 -14 -14 -14 -14 -14 -14 -14 -14 -14 -14 -14 -24 -24 -24 -24 -24 -24 -24 -24 -24 -24 -24 -24 -24 -24 -24 -24 -24 x x x x x x x x x x x
x x x x x x x x x x x x x x x x x x x x x x x x x x x x x x x x x x x x x x x x x x x x x x x x x x x x x x x x x x x x -28 -28 -28 -28 -28 -28 -28 -23 -23 -23 -23 -23 -23 -23 -23 -23 -23 -23 4 4 4 4 4 4 4 4 4 4 4 4 6 6 6 6 6 6 6 6 6 6 6 6 6 6 6 6 6 6 9 9 9 9 9 9 5 5 5 6 6 6 6 6 6 6 6 6 6 6 6 9 9 9 9 9 9 9 6 6 6 6 6 6 6 6 6 6 6 4 4 4 4 4 4 4 4 4 4 4 4 0 0 0 0 7 7 7 7 7 7 7 7 7 7 7 7 7 7 7 7 7 7 7 7 7 7 7 7 7 3 3 3 0 0 0 0 0 0 0 -23 -23 -23 -23 -28 -28 -28 -28 -28 -28 -28 -28 -28 -28 x x x x x x x x x x x x x -25 -25 -25 -25 -25 -25 -25 -25 -25 -25 -25 -25 -16 -16 -16 -16 -16 -16 -16 -16 -16 -16 -16 -16 -16 -16 -16 -16 -16 5 5 5 5 5 5 5 5 5 5 9 9 9 9 9 9 9 9 9 9 9 9 9 9 9 9 9 9 9 9 9 9 9 10 7 7 7 7 7 7 7 7 4 7 7 7 9 9 9 9 9 9 9 9 9 9 9 9 10 10 10 10 10 10 9 9 9 9 9 9 9 9 9 9 9 9 9 9 9 9 9 9 7 7 7 7 7 7 7 7 7 7 7 7 4 4 4 4 4 4 4 4 4 4 3 3 3 3 10 10 10 10 10 9 9 9 9 9 9 9 9 9 9 9 9 9 9 9 9 7 7 7 7 7 2 2 2 2 2 2 2 0 0 0 -23 -23 -23 -23 -23 -23 -23 -23 -23 -23 -23 -23 -23 x x x x x x x x x x x x x x x x x -25 -25 -25 -25 -25 -25 -25 -25 -25 -25 -25 -14 -14 -14 -14 -14 -14 -14 -14 -14 -14 -14 -14 -14 -14 -14 -14 -14 -14 -14 -24 -24 -24 -24 -24 -24 -24 -24 -24 -24 -24 -24 -24 -24 -24 -24 -24 x x x x x x x x x x x
x x x x x x x x x x x x x x x x x x x x x x x x x x x x x x x x x x x x x x x x x x x x x x x x x x x x x x x x x x x x x x -28 -28 -28 -28 -28 -23 -23 -23 -23 -23 -23 -23 -23 -23 -23 -23 -23 4 4 4 4 4 4 4 4 4 4 4 6 6 6 6 6 6 6 6 6 6 6 6 6 6 6 6 6 9 9 9 9 9 9 9 9 9 6 6 6 6 6 6 6 6 6 6 6 6 6 9 9 9 9 9 9 9 9 9 9 6 6 6 6 6 6 6 6 4 4 4 4 4 4 4 4 4 4 7 7 7 7 7 7 7 7 7 7 7 7 7 7 7 7 7 7 7 7 7 7 7 7 7 7 7 7 7 7 7 3 3 3 3 3 0 0 0 0 0 -23 -23 -23 -23 -23 -28 -28 -28 -28 -28 -28 -28 x x x x x x x x x x x x x x x x -25 -25 -25 -25 -25 -25 -25 -25 -25 -25 -25 -16 -16 -16 -16 -16 -16 -16 -16 -16 -16 -16 -16 -16 -16 -16 -16 -16 -14 5 5 5 5 5 5 5 5 5 5 9 9 9 9 9 9 9 9 9 9 9 9 9 9 9 9 9 9 9 9 9 9 8 8 8 8 7 7 7 7 4 7 7 7 7 9 9 9 9 9 9 9 9 9 10 10 10 10 10 10 10 10 10 9 9 9 9 9 9 9 9 9 9 9 9 9 9 9 9 9 9 9 7 7 7 7 7 7 7 7 7 7 7 4 4 4 4 4 4 4 4 4 4 3 3 10 10 10 10 10 10 10 10 9 9 9 9 9 9 9 9 9 9 9 9 9 9 9 7 7 7 7 7 7 2 2 2 2 2 2 0 0 0 0 -23 -23 -23 -23 -23 -23 -23 -23 -23 -23 -23 -23 x x x x x x x x x x x x x x x x x -25 -25 -25 -25 -25 -25 -25 -25 -25 -25 -25 -14 -14 -14 -14 -14 -14 -14 -14 -14 -14 -14 -14 -14 -14 -14 -14 -14 -14 -14 -22 -22 -22 -22 -22 -22 -22 -22 -22 -22 -22 -22 -24 -24 -24 -24 -24 x x x x x x x x x x x
x x x x x x x x x x x x x x x x x x x x x x x x x x x x x x x x x x x x x x x x x x x x x x x x x x x x x x x x x x x x x x x -28 -28 -28 -28 -23 -23 -23 -23 -23 -23 -23 -23 -23 -23 -23 -23 -23 4 4 4 4 4 4 4 4 4 4 6 6 6 6 6 6 6 6 6 6 6 6 6 6 6 6 6 9 9 9 9 9 9 9 9 9 9 9 6 6 6 6 6 6 6 6 6 6 9 9 9 9 9 9 9 9 9 9 9 9 9 9 6 6 6 6 6 4 4 4 4 7 7 7 7 7 7 7 7 7 7 7 7 7 7 7 7 7 7 7 7 7 7 7 7 7 7 7 7 7 7 7 7 7 7 7 7 7 7 3 3 3 3 3 0 0 0 0 -23 -23 -23 -23 -23 -23 -28 -28 -28 -28 x x x x x x x x x x x x x x x x x x x -25 -25 -25 -25 -25 -25 -25 -25 -25 -25 -16 -16 -16 -16 -16 -16 -16 -16 -16 -16 -16 -16 -16 -16 -16 -16 -14 -14 -14 5 5 5 5 5 5 5 5 5 9 9 9 9 9 9 9 9 9 9 9 9 9 9 9 9 9 9 9 9 9 9 8 8 8 8 8 8 8 8 8 8 7 7 7 9 9 9 9 9 9 10 10 10 10 10 10 10 10 10 10 10 10 9 9 9 9 9 9 9 9 9 9 9 9 9 9 9 9 9 9 9 7 7 7 7 7 7 7 7 7 7 7 4 4 4 4 4 4 4 4 4 10 10 10 10 10 10 10 10 10 10 10 9 9 9 9 9 9 9 9 9 9 9 9 9 9 9 7 7 7 7 7 2 2 2 2 2 2 2 2 0 0 0 -23 -23 -23 -23 -23 -23 -23 -23 -23 -23 -23 -23 x x x x x x x x x x x x x x x x x x -25 -25 -25 -25 -25 -25 -25 -25 -25 -25 -14 -14 -14 -14 -14 -14 -14 -14 -14 -14 -14 -14 -14 -14 -14 -14 -14 -14 -14 -22 -22 -22 -22 -22 -22 -22 -22 -22 -22 -22 -22 -22 -22 -24 -24 -24 x x x x x x x x x x x
x x x x x x x x x x x x x x x x x x x x x x x x x x x x x x x x x x x x x x x x x x x x x x x x x x x x x x x x x x x x x x x x x -28 -28 -23 -23 -23 -23 -23 -23 -23 -23 -23 -23 -23 -23 -23 -23 4 4 4 4 4 4 4 4 4 4 6 6 6 6 6 6 6 6 6 6 6 6 6 6 6 9 9 9 9 9 9 9 9 9 9 9 9 9 6 6 6 6 6 6 6 6 6 9 9 9 9 9 9 9 9 9 9 9 9 9 9 9 9 9 6 6 4 4 4 4 7 7 7 7 7 7 7 7 7 7 7 7 7 7 7 7 7 7 7 7 7 7 7 7 7 7 7 7 7 7 7 7 7 7 7 7 7 7 3 3 3 3 3 3 3 0 0 0 -23 -23 -23 -23 -23 -23 -28 x x x x x x x x x x x x x x x x x x x x x x -25 -25 -25 -25 -25 -25 -25 -25 -25 -25 -25 -16 -16 -16 -16 -16 -16 -16 -16 -16 -16 -16 -16 -16 -14 -14 -14 -14 5 5 5 5 5 5 5 5 5 9 9 9 9 9 9 9 9 9 9 9 9 9 9 9 9 9 9 9 9 9 9 8 8 8 8 8 8 8 8 8 8 8 8 8 7 9 9 10 10 10 10 10 10 10 10 10 10 10 10 10 10 10 10 9 9 9 9 9 9 9 9 9 9 9 9 9 9 9 9 9 9 9 7 7 7 7 7 7 7 7 7 4 4 4 4 4 4 4 4 10 10 10 10 10 10 10 10 10 10 10 10 10 9 9 9 9 9 9 9 9 9 9 9 9 9 9 9 9 7 7 2 2 2 2 2 2 2 2 2 2 0 0 0 -23 -23 -23 -23 -23 -23 -23 -23 -23 -23 -23 -23 -23 x x x x x x x x x x x x x x x x x -25 -25 -25 -25 -25 -25 -25 -25 -25 -25 -14 -14 -14 -14 -14 -14 -14 -14 -14 -14 -14 -14 -14 -14 -14 -14 -14 -14 -22 -22 -22 -22 -22 -22 -22 -22 -22 -22 -22 -22 -22 -22 -22 -24 -24 -24 -24 x x x x x x x x x x
x x x x x x x x x x x x x x x x x x x x x x x x x x x x x x x x x x x x x x x x x x x x x x x x x x x x x x x x x x x x x x x x x x -28 -23 -23 -23 -23 -23 -23 -23 -23 -23 -23 -23 -23 -23 -23 -23 -23 4 4 4 4 4 4 4 4 6 6 6 6 6 6 6 6 6 6 6 6 6 6 9 9 9 9 9 9 9 9 9 9 9 9 9 9 9 9 6 6 6 6 6 6 9 9 9 9 9 9 9 9 9 9 9 9 9 9 9 9 9 9 9 9 9 4 4 4 7 7 7 7 7 7 7 7 7 7 7 7 7 7 7 7 7 7 7 7 7 7 7 7 7 7 7 7 7 7 7 7 7 7 7 7 7 3 3 3 3 3 3 3 3 3 -23 -23 -23 -23 -23 -23 -23 -23 -23 x x x x x x x x x x x x x x x x x x x x x x x -25 -25 -25 -25 -25 -25 -25 -25 -25 -25 -25 -25 -16 -16 -16 -16 -16 -16 -16 -16 -16 -14 -14 -14 -14 -14 -14 -14 5 5 5 5 5 5 8 8 9 9 9 9 9 9 9 9 9 9 9 9 9 9 9 9 9 9 9 9 9 9 8 8 8 8 8 8 8 8 8 8 8 8 8 10 10 10 10 10 10 10 10 10 10 10 10 10 10 10 10 10 10 10 9 9 9 9 9 9 9 9 9 9 9 9 9 9 9 9 9 9 7 7 7 7 7 7 7 7 7 7 4 4 4 4 4 4 10 10 10 10 10 10 10 10 10 10 10 10 10 10 10 10 9 9 9 9 9 9 9 9 9 9 9 9 9 9 9 7 2 2 2 2 2 2 2 2 2 2 2 0 0 0 -23 -23 -23 -23 -23 -23 -23 -23 -23 -23 -23 -23 -23 -23 x x x x x x x x x x x x x x x x x -25 -25 -25 -25 -25 -25 -25 -25 -25 -14 -14 -14 -14 -14 -14 -14 -14 -14 -14 -14 -14 -14 -14 -14 -14 -14 -14 -22 -22 -22 -22 -22 -22 -22 -22 -22 -22 -22 -22 -22 -22 -22 -24 -24 -24 -24 x x x x x x x x x x
x x x x x x x x x x x x x x x x x x x x x x x x x x x x x x x x x x x x x x x x x x x x x x x x x x x x x x x x x x x x x x x x x x x -23 -23 -23 -23 -23 -23 -23 -23 -23 -23 -23 -23 -23 -23 -23 -23 -23 4 4 4 4 4 4 4 4 6 6 6 6 6 6 6 6 6 6 6 6 4 9 9 9 9 9 9 9 9 9 9 9 9 9 9 9 9 9 9 6 6 6 6 9 9 9 9 9 9 9 9 9 9 9 9 9 9 9 9 9 9 9 9 9 4 4 4 7 7 7 7 7 7 7 7 7 7 7 7 7 7 7 7 7 7 7 7 7 7 7 7 7 7 7 7 7 7 7 7 7 7 3 3 3 3 3 3 3 3 3 3 3 3 3 3 -23 -23 -23 -23 -23 -23 -23 -23 x x x x x x x x x x x x x x x x x x x x x x x -25 -25 -25 -25 -25 -25 -25 -25 -25 -25 -25 -27 -27 -27 -16 -16 -16 -16 -16 -14 -14 -14 -14 -14 -14 -14 -14 5 5 5 5 5 5 8 8 9 9 9 9 9 9 9 9 9 9 9 9 9 9 9 9 9 9 9 9 9 9 9 8 8 8 8 8 8 8 8 8 8 8 7 10 10 10 10 10 10 10 10 10 10 10 10 10 10 10 10 10 10 10 10 9 9 9 9 9 9 9 9 9 9 9 9 9 9 7 7 7 7 7 7 7 7 7 7 7 7 7 7 4 4 4 10 10 10 10 10 10 10 10 10 10 10 10 10 10 10 10 10 10 9 9 9 9 9 9 9 9 9 9 9 9 9 9 9 2 2 2 2 2 2 2 2 2 2 2 2 2 -23 -23 -23 -23 -23 -23 -23 -23 -23 -23 -23 -23 -23 -23 -23 -23 -23 -23 x x x x x x x x x x x x x x x -25 -25 -25 -25 -25 -25 -25 -25 -25 -25 -14 -14 -14 -14 -14 -14 -14 -14 -14 -14 -14 -14 -14 -14 -14 -14 -14 -22 -22 -22 -22 -22 -22 -22 -22 -22 -22 -22 -22 -22 -22 -24 -24 x x x x x x x x x x x x x
x x x x x x x x x x x x x x x x x x x x x x x x x x x x x x x x x x x x x x x x x x x x x x x x x x x x x x x x x x x x x x x x x x x -23 -23 -23 -23 -23 -23 -23 -23 -23 -23 -23 -23 -23 -23 -23 -23 -23 -23 4 4 4 4 4 4 4 6 6 6 6 6 6 6 6 6 6 4 4 9 9 9 9 9 9 9 9 9 9 9 9 9 9 9 9 9 9 9 9 9 6 6 9 9 9 9 9 9 9 9 9 9 9 9 9 9 9 9 9 9 9 9 9 4 4 4 4 7 7 7 7 7 7 7 7 7 7 7 7 7 7 7 7 7 7 7 7 7 7 7 7 7 7 7 7 7 7 4 4 4 3 3 3 3 3 3 3 3 3 3 3 3 3 3 3 -23 -23 -23 -23 -23 -23 -23 -23 -23 x x x x x x x x x x x x x x x x x x x x x -25 -25 -25 -25 -25 -25 -25 -25 -25 -25 -27 -27 -27 -27 -27 -27 -16 -16 -14 -14 -14 -14 -14 -14 -14 -14 -14 -14 5 5 5 5 5 5 8 9 9 9 9 9 9 9 9 9 9 9 9 9 9 9 9 9 9 9 9 9 8 8 8 8 8 8 8 8 8 8 8 8 8 7 10 10 10 10 10 10 10 10 10 10 10 10 10 10 10 10 10 10 10 10 9 9 9 9 9 9 9 9 9 9 9 9 9 9 7 7 7 7 7 7 7 7 7 7 7 7 7 7 7 10 10 10 10 10 10 10 10 10 10 10 10 10 10 10 10 10 10 10 10 10 9 9 9 9 9 9 9 9 9 9 9 9 9 9 9 2 2 2 2 2 2 2 2 2 2 2 2 -23 -23 -23 -23 -23 -23 -23 -23 -23 -23 -23 -23 -23 -23 -23 -23 -23 -23 x x x x x x x x x x x x x x x x -25 -25 -25 -25 -25 -25 -25 -25 -25 -25 -28 -28 -28 -28 -28 -28 -28 -28 -28 -28 -14 -14 -14 -14 -14 -14 -22 -22 -22 -22 -22 -22 -22 -22 -22 -22 -22 -22 -22 -22 x x x x x x x x x x x x x x x
x x x x x x x x x x x x x x x x x x x x x x x x x x x x x x x x x x x x x x x x x x x x x x x x x x x x x x x x x x x x x x x x x x x -23 -23 -23 -23 -23 -23 -23 -23 -23 -23 -23 -23 -23 -23 -23 -23 -23 -23 -25 4 4 4 4 4 -14 -14 6 6 6 6 6 6 6 4 4 4 4 9 9 9 9 9 9 9 9 9 9 9 9 9 9 9 9 9 9 9 9 6 6 9 9 9 9 9 9 9 9 9 9 9 9 9 9 9 9 9 9 9 9 9 8 8 4 4 4 7 7 7 7 7 7 7 7 7 7 7 7 7 7 7 7 7 7 7 7 7 7 7 7 7 7 7 4 4 4 4 4 4 4 3 3 3 3 3 3 3 3 3 3 3 3 3 3 3 3 -23 -23 -23 -23 -23 -23 -23 -23 x x x x x x x x x x x x x x x x x x x x x -25 -25 -25 -25 -25 -25 -25 -25 -27 -27 -27 -27 -27 -27 -27 -27 -27 -14 -14 -14 -14 -14 -14 -14 -14 -14 -14 -14 5 5 5 5 5 8 9 9 9 9 9 9 9 9 9 9 9 9 9 8 8 8 8 8 8 8 8 8 8 8 8 8 8 8 8 8 8 8 8 8 7 7 10 10 10 10 10 10 10 10 10 10 10 10 10 10 10 10 10 10 10 9 9 9 9 9 9 9 9 9 9 9 9 9 9 9 7 7 7 7 7 7 7 7 7 7 7 7 7 7 10 10 10 10 10 10 10 10 10 10 10 10 10 10 10 10 10 10 10 10 10 9 9 9 9 9 9 9 9 9 9 9 9 9 9 9 2 2 2 2 2 2 2 2 2 2 2 2 2 -23 -23 -23 -23 -23 -23 -23 -23 -23 -23 -23 -23 -23 -23 -23 -23 x x x x x x x x x x x x x x x x x -25 -25 -25 -25 -25 -25 -25 -25 -25 -28 -28 -28 -28 -28 -28 -28 -28 -28 -28 -28 -28 -28 -22 -22 -22 -22 -22 -22 -22 -22 -22 -22 -22 -22 -22 -22 -22 -22 -22 -22 x x x x x x x x x x x x x x x