x x -26 -26 -23 -23 -23 -23 -23 -23 -23 -23 -23 -23 -23 -23 -23 -23 2 2 2 2 2 2 2 2 2 2 9 9 9 9 9 9 9 9 9 9 9 9 9 9 9 9 9 9 9 9 9 9 9 9 9 9 9 9 8 8 8 8 7 7 7 10 10 10 10 10 10 10 10 10 10 10 10 10 10 10 10 10 10 10 10 9 9 9 9 9 9 9 9 9 9 9 9 9 9 -11 -11 -11 -11 -11 -11 -11 -11 -11 -11 -11 -11 -26 -26 -26 -26 -26 -26 -26 -26 -26 -26 -26 -26 -26 -26 x x x -27 -27 -27 -24 -24 -24 -24 -24 -24 -24 -24 -24 -24 6 6 6 6 6 6 6 6 6 6 6 6 6 6 6 6 6 6 6 6 4 4 4 4 7 7 7 7 7 7 7 7 7 7 7 7 7 7 7 7 7 7 7 7 7 7 7 7 7 7 7 9 9 9 9 9 9 9 9 9 9 9 9 9 9 9 9 9 9 9 9 9 9 9 9 9 15 15 15 15 15 15 15 15 35 35 35 35 35 35 44 44 44 44 44 44 44 44 44 44 62 62 62 64 64 64 64 64 64 64 64 64 64 64 64 64 62 62 62 58 58 58 58 58 58 58 58 58 58 58 58 56 56 56 56 31 31 31 31 31 31 31 31 31 7 7 7 7 7 7 7 7 7 7 7 7 7 7 7 7 7 7 7 7 7 7 7 7 7 7 7 7 7 7 7 7 7 7 7 7 7 7 7 7 7 7 7 7 7 7 7 7 7 7 7 7 7 7 5 6 6 6 6 6 6 6 6 6 6 6 6 7 7 7 7 7 7 7 7 7 7 7 7 7 7 7 7 7 7 8 8 8 8 8 8 8 8 8 8 8 8 8 8 8 8 5 5 5 5 5 5 5 5 5 5 5 5 5 5 5 5 5 5 5 10 10 10 10 10 10 10 10 10 10 10 10 10 10 10 10 10 10 9 9 9 9 9 9 9 9 8 8 8 8 8 8 8 8 8 8 8 8 8 8 6 3 3 3 3 3 3 3 3 3 3 3 3 0 0 0 -22 -22 -22 -22 -22 -22 -22 -22 -22 -27 -27 -27 x x x x x x x x x x x x x x x
x x -26 -26 -23 -23 -23 -23 -23 -23 -23 -23 -23 -23 -23 -23 -23 2 2 2 2 2 2 2 2 2 2 9 9 9 9 9 9 9 9 9 9 9 9 9 9 9 9 9 9 9 9 9 9 9 9 9 9 8 8 8 8 8 8 8 8 7 7 10 10 10 10 10 10 10 10 10 10 10 10 10 10 10 10 10 10 10 10 10 9 9 9 9 9 9 9 9 9 9 9 9 9 9 -11 -11 -11 -11 -11 -11 -11 -11 -11 -11 -11 -11 -11 -26 -26 -26 -26 -26 -26 -26 -26 -26 -26 -26 -26 -26 -26 x -27 -27 -27 -27 -24 -24 -24 -24 -24 -24 -24 -24 -24 -24 -24 6 6 6 6 6 6 6 6 6 6 6 6 6 6 6 6 6 6 4 4 4 4 4 7 7 7 7 7 7 7 7 7 7 7 7 7 7 7 7 7 7 7 7 7 7 7 7 7 7 9 9 9 9 9 9 9 9 9 9 9 9 9 9 9 9 9 9 9 9 9 9 9 9 9 9 15 15 15 15 15 15 35 35 35 35 35 35 35 44 44 44 44 44 44 44 44 44 44 62 62 62 62 64 64 64 64 64 64 64 64 64 64 64 62 62 62 62 58 58 58 58 58 58 58 58 58 58 58 56 56 56 56 56 56 31 31 31 31 31 31 31 31 31 31 7 7 7 7 7 7 7 7 7 7 7 7 7 7 7 7 7 7 7 7 7 7 7 7 7 7 7 7 7 7 7 7 7 7 7 7 7 7 7 7 7 7 7 7 7 7 7 7 7 7 7 7 5 6 6 6 6 6 6 6 6 6 6 6 7 7 7 7 7 7 7 7 7 7 7 7 7 7 7 7 7 7 7 8 8 8 8 8 8 8 8 8 8 8 8 8 -14 5 5 5 5 5 5 5 5 5 5 5 5 5 5 5 5 5 5 5 5 5 10 10 10 10 10 10 10 10 10 10 10 10 10 10 10 10 10 10 10 9 9 9 9 9 9 9 8 8 8 8 8 8 8 8 8 8 8 8 8 8 8 3 3 3 3 3 3 3 3 3 3 3 0 0 0 0 0 -22 -22 -22 -22 -22 -22 -22 -27 -27 -27 -27 x x x x x x x x x x x x x x x
x -26 -26 -26 -26 -23 -23 -23 -23 -23 -23 -23 -23 -23 -23 -23 -23 2 2 2 2 2 2 2 2 2 9 9 9 9 9 9 9 9 9 9 9 9 9 9 9 9 9 9 9 9 9 9 9 9 9 8 8 8 8 8 8 8 8 8 8 8 7 10 10 10 10 10 10 10 10 10 10 10 10 10 10 10 10 10 10 10 10 10 9 9 9 9 9 9 9 9 9 9 9 9 9 9 -11 -11 -11 -11 -11 -11 -11 -11 -11 -11 -11 -11 -11 -11 -26 -26 -26 -26 -26 -26 -26 -26 -26 -26 -26 -26 -26 -26 -27 -27 -27 -27 -24 -24 -24 -24 -24 -24 -24 -24 -24 -24 -24 -24 -26 -26 -26 -26 6 6 6 6 6 6 6 6 6 6 6 6 6 4 4 4 4 4 4 5 5 5 7 7 7 7 7 7 7 7 7 7 7 7 7 7 7 7 7 7 7 7 7 7 9 9 9 9 9 9 9 9 9 9 9 9 9 9 9 9 9 9 9 9 9 9 9 9 9 10 15 15 15 15 15 15 15 35 35 35 35 35 35 35 44 44 44 44 44 44 44 44 44 62 62 62 62 62 64 64 64 64 64 64 64 64 64 62 62 62 62 62 58 58 58 58 58 58 58 58 58 58 56 56 56 56 56 56 56 56 56 31 31 31 31 31 31 31 31 31 7 7 7 7 7 7 7 7 7 7 7 7 7 7 7 7 7 7 7 7 7 7 7 7 7 7 7 7 7 7 7 7 7 7 7 7 7 7 7 7 7 7 7 7 7 7 7 7 7 7 5 5 6 6 6 6 6 6 6 6 6 6 6 7 7 7 7 7 7 7 7 7 7 7 7 7 7 7 7 7 7 7 7 8 8 8 8 8 8 8 8 8 -14 -14 -14 -14 -14 -14 -14 -28 5 5 5 5 5 5 5 5 5 5 5 5 5 5 5 5 5 10 10 10 10 10 10 10 10 10 10 10 10 10 10 10 10 10 10 10 9 9 9 9 9 9 8 8 8 8 8 8 8 8 8 8 8 8 8 8 8 8 8 3 3 3 3 3 3 3 3 3 0 0 0 0 0 0 0 -22 -22 -22 -22 -27 -27 -27 -27 -27 -27 x x x x x x x x x x x x x x x
x -26 -26 -26 -26 -23 -23 -23 -23 -23 -23 -23 -23 -23 -23 -26 2 2 2 2 2 2 2 2 2 9 9 9 9 9 9 9 9 9 9 9 9 9 9 9 9 9 9 9 9 9 9 9 9 9 9 8 8 8 8 8 8 8 8 8 8 8 8 10 10 10 10 10 10 10 10 10 10 10 10 10 10 10 10 10 10 10 10 10 9 9 9 9 9 9 9 9 9 9 9 9 9 9 9 -11 -11 -11 -11 -11 -11 -11 -11 -11 -11 -11 -11 -11 -11 -11 -26 -26 -26 -26 -26 -26 -26 -26 -26 -26 -26 -26 x -27 -27 -27 -24 -24 -24 -24 -24 -24 -24 -24 -24 -26 -26 -26 -26 -26 -26 -26 -26 -26 -26 -26 -26 6 6 6 6 6 6 6 6 4 4 4 4 4 5 5 5 5 5 5 5 7 7 7 7 7 7 7 7 7 7 7 7 7 7 7 7 7 7 7 9 9 9 9 9 9 9 9 9 9 9 9 9 9 9 9 9 9 9 9 9 9 9 9 8 10 10 15 15 15 15 15 15 35 35 35 35 35 35 35 44 44 44 44 44 35 35 35 35 62 62 62 62 62 62 64 64 64 64 64 64 64 62 62 62 62 62 62 56 58 58 58 58 58 58 58 58 56 56 56 56 56 56 56 56 56 31 31 31 31 31 31 31 31 31 31 7 7 7 7 7 7 7 7 7 7 7 7 7 7 7 7 7 7 7 7 7 7 7 7 7 7 7 7 7 7 7 7 7 7 7 7 7 7 7 7 7 7 7 7 7 7 7 7 7 7 5 5 6 6 6 6 6 6 6 6 6 6 7 7 7 7 7 7 7 7 7 7 7 7 7 7 7 7 7 7 7 7 7 8 8 8 8 8 8 8 -14 -14 -14 -14 -14 -14 -14 -14 -14 -14 -28 -28 -28 -28 5 5 5 5 5 5 5 5 5 5 5 5 5 5 5 5 5 5 5 5 5 5 7 7 7 7 7 7 7 7 7 9 9 9 9 9 9 8 8 8 8 8 8 8 8 8 8 8 8 8 8 8 8 8 8 8 3 3 3 3 3 3 3 0 0 0 0 0 0 0 0 0 -22 -22 -27 -27 -27 -27 -27 -27 -27 -27 x x x x x x x x x x x x x x
x -26 -26 -26 -26 -23 -23 -23 -23 -23 -23 -23 -23 -26 -26 2 2 2 2 2 2 2 2 2 9 9 9 9 9 9 9 9 9 9 9 9 9 9 9 9 9 9 9 9 9 9 9 9 9 9 9 9 8 8 8 8 8 8 8 8 8 8 8 8 10 10 10 10 10 10 10 10 10 10 10 10 10 10 10 10 10 10 10 10 9 9 9 9 9 9 9 9 9 9 9 9 9 9 9 -11 -11 -11 -11 -11 -11 -11 -11 -11 -11 -11 -11 -11 -11 -11 -11 -26 -26 -26 -26 -26 -26 -26 -26 -26 -26 -26 x -27 -27 -27 -27 -24 -24 -24 -24 -24 -24 -26 -26 -26 -26 -26 -26 -26 -26 -26 -26 -26 -26 -26 -16 -16 4 4 4 4 6 6 6 -16 -16 -16 -16 -16 5 5 5 5 5 5 5 5 7 7 7 7 7 7 7 7 7 7 7 7 7 7 7 7 7 7 9 9 9 9 9 9 9 9 9 9 9 9 9 9 9 9 9 9 9 9 9 9 9 8 8 10 10 10 15 15 15 15 15 15 35 35 35 35 35 35 35 35 35 35 35 35 35 35 35 35 62 62 62 62 62 64 64 64 64 64 64 62 62 62 62 62 62 62 56 56 58 58 58 58 58 58 56 56 56 56 56 56 56 56 56 56 31 31 31 31 31 31 31 31 31 7 7 7 7 7 7 7 7 7 7 7 7 7 7 7 7 7 7 7 7 7 7 7 7 7 7 7 7 7 9 7 7 7 7 7 7 7 7 7 7 7 7 7 7 7 7 7 7 7 7 5 5 5 6 6 6 6 6 6 6 6 6 7 7 7 7 7 7 7 7 7 7 7 7 7 7 7 7 7 7 7 7 7 7 7 8 8 8 7 7 -14 -14 -14 -14 -14 -14 -14 -14 -14 -14 -14 -28 -28 -28 -28 -16 -16 -16 -16 5 5 5 5 5 5 5 5 5 5 5 5 5 5 5 5 5 5 7 7 7 7 7 7 7 7 7 7 9 9 9 9 8 8 8 8 8 8 8 8 8 8 8 8 8 8 8 8 8 8 8 8 8 3 3 3 3 3 0 0 0 0 0 0 0 0 0 0 0 -27 -27 -27 -27 -27 -27 -27 -27 -27 x x x x x x x x x x x x x x
x -26 -26 -26 -26 -26 -23 -23 -23 -23 -26 -26 -26 -26 -26 2 2 2 2 2 2 2 2 9 9 9 9 9 9 9 9 9 9 9 9 9 9 9 9 9 9 9 9 9 9 9 9 9 9 9 9 9 9 8 8 8 8 8 8 8 8 8 8 7 10 10 10 10 10 10 10 10 10 10 10 10 10 10 10 10 10 10 10 10 10 9 9 9 9 9 9 9 9 9 9 9 9 9 9 9 -11 -11 -11 -11 -11 -11 -11 -11 -11 -11 -11 -11 -11 -11 -26 -26 -26 -26 -26 -26 -26 -26 -26 -26 -26 x x -27 -27 -27 -27 -24 -24 -24 -27 -27 -27 -26 -26 -26 -26 -26 -26 -26 -24 -24 -26 -26 -26 -16 -16 -16 -16 -16 -16 -16 -16 -16 -16 -16 -16 -16 -16 -16 5 5 5 5 5 5 5 5 5 7 7 7 7 7 7 7 7 7 7 7 7 7 7 7 7 7 9 9 9 9 9 9 9 9 9 9 9 9 9 9 9 9 9 9 9 9 9 8 8 8 8 10 10 10 15 15 15 15 15 15 35 35 35 35 35 35 35 35 35 35 35 35 35 35 35 35 62 62 62 62 62 62 64 64 64 64 62 62 62 62 62 62 62 62 62 56 56 58 58 58 58 56 56 56 56 56 56 56 56 56 56 31 31 31 31 31 31 31 31 31 31 7 7 7 7 7 7 7 7 7 7 7 7 7 7 7 7 7 7 7 7 7 7 7 7 7 7 7 7 9 9 7 7 7 7 7 7 7 7 7 7 7 7 7 7 7 7 7 7 7 7 5 5 5 6 6 6 6 6 6 6 6 6 7 7 7 7 7 7 7 7 7 7 7 7 7 7 7 7 7 7 7 7 7 7 7 8 7 7 7 7 -14 -14 -14 -14 -14 -14 -14 -14 -14 -14 -14 -14 -28 -28 -28 -16 -16 -16 -16 -16 5 5 5 5 5 5 5 5 5 5 5 5 5 5 5 5 5 7 7 7 7 7 7 7 7 7 7 7 9 9 8 8 8 8 8 8 8 8 8 8 8 8 8 8 8 8 8 8 8 8 8 8 8 3 3 3 0 0 0 0 0 0 0 0 0 0 0 0 0 -27 -27 -27 -27 -27 -27 -27 -27 x x x x x x x x x x x x x x
x -26 -26 -26 -26 -26 -23 -23 -26 -26 -24 -26 -26 -26 2 2 2 2 2 2 2 2 2 2 9 9 9 9 9 9 9 9 9 9 9 9 9 9 9 9 9 9 9 9 9 9 9 9 9 9 9 9 9 9 8 8 8 8 8 8 8 8 7 7 10 10 10 10 10 10 10 10 10 10 10 10 10 10 10 10 10 10 10 10 10 9 9 9 9 9 9 9 9 9 9 9 9 9 9 9 -11 -11 -11 -11 -11 -11 -11 -11 -11 -11 -11 -11 -11 -14 -26 -26 -26 -26 -26 -26 -26 -26 -26 -26 -26 -28 -28 -27 -27 -27 -27 -27 -27 -27 -27 -27 -27 -27 -26 -26 -24 -24 -24 -24 -24 -24 -26 -26 -26 -16 -16 -16 -16 -16 -16 -16 -16 -16 -16 -16 -16 -16 -16 -16 5 5 5 5 5 5 5 5 5 5 7 7 7 7 7 7 7 7 7 7 7 7 7 7 7 7 7 9 9 9 9 9 9 9 9 9 9 9 9 9 9 9 9 9 9 9 9 8 8 8 8 10 10 10 10 15 15 15 15 10 10 35 35 35 35 35 35 35 35 35 35 35 35 35 35 35 62 62 62 62 62 62 62 64 64 62 62 62 62 62 62 62 62 62 62 56 56 56 58 58 58 56 56 56 56 56 56 56 56 56 56 31 31 31 31 31 31 31 31 31 7 7 7 7 7 7 7 7 7 7 7 7 7 7 7 7 7 7 7 7 7 7 7 7 7 7 7 9 9 9 9 9 7 7 7 7 7 7 7 7 7 7 7 7 7 7 7 7 7 7 7 4 4 5 6 6 6 6 6 6 6 6 6 6 7 7 7 7 7 7 7 7 7 7 7 7 7 7 7 7 7 7 7 7 7 7 7 7 7 7 -14 -14 -14 -14 -14 -14 -14 -14 -14 -14 -14 -14 -14 -14 -28 -28 -16 -16 -16 -16 -16 -16 -16 5 5 5 5 5 5 5 5 5 5 5 5 5 5 5 5 7 7 7 7 7 7 7 7 7 9 9 9 8 8 8 8 8 8 8 8 8 8 8 8 8 8 8 8 8 8 8 8 8 8 8 8 3 0 0 0 0 0 0 0 0 5 0 0 0 0 0 0 -27 -27 -27 -27 -27 -27 -27 x x x x x x x x x x x x x x
-26 -26 -26 -26 -26 -26 -26 -26 -26 -26 -24 -24 -24 2 2 2 2 2 2 2 2 2 2 2 9 9 9 9 9 9 9 9 9 9 9 9 9 9 9 9 9 9 9 9 9 9 9 9 9 9 9 9 9 8 8 8 8 8 8 8 8 7 7 7 10 10 10 10 10 10 10 10 10 10 10 10 10 10 10 10 10 10 10 10 10 9 9 9 9 9 9 9 9 9 9 9 9 9 9 9 9 -11 -11 -11 -11 7 7 7 7 7 -11 -11 -11 -14 -14 -26 -26 -26 -26 -26 -26 -26 -26 -26 -28 -28 -28 -27 -27 -27 -27 -27 -27 -27 -27 -27 -24 -24 -24 -24 -24 -24 -24 -24 -24 -24 -26 -26 -26 -26 -16 -16 -16 -16 -16 -16 -16 -16 -16 -16 -16 -16 -16 -16 5 5 5 5 5 5 5 5 5 5 7 7 7 7 7 7 7 7 7 7 7 7 7 7 7 7 7 9 9 9 9 9 9 9 9 9 9 9 9 9 9 9 9 9 9 9 9 9 8 8 10 10 12 12 12 10 15 10 10 10 10 35 35 35 35 35 35 35 35 35 35 35 35 35 35 35 62 62 62 62 62 62 62 62 62 62 62 62 62 62 62 62 62 62 62 56 56 56 56 58 56 56 56 56 56 56 56 56 56 56 31 31 31 31 31 31 31 31 31 7 7 7 7 7 7 7 7 7 7 7 7 7 7 7 7 7 7 7 7 7 7 7 7 7 7 7 9 9 9 9 9 9 9 7 7 7 7 7 7 7 7 7 7 7 7 7 7 7 7 7 4 4 4 4 6 6 6 6 6 6 6 6 6 6 6 7 7 7 7 7 7 7 7 7 7 7 7 7 7 7 7 7 7 7 7 7 7 7 7 -14 -14 -14 -14 -14 -14 -14 -14 -14 -14 -14 -14 -14 -14 -14 -28 -28 -16 -16 -16 -16 -16 -16 -16 -16 5 5 5 5 5 5 5 5 5 5 5 5 5 5 5 7 7 7 7 7 7 7 7 9 9 9 9 9 9 8 8 8 8 8 8 8 8 8 8 8 8 8 8 8 8 8 8 8 8 8 8 8 0 0 0 0 0 5 5 5 5 0 0 0 0 0 0 -27 -27 -27 -27 -27 -27 -27 -27 x x x x x x x x x x x x x
-26 -26 -26 -26 -26 -26 -26 -26 -26 -24 -24 -24 -24 2 2 2 2 2 2 2 2 2 2 2 2 9 9 9 9 9 9 9 9 9 9 9 9 9 9 9 9 9 9 9 9 9 9 9 9 9 9 9 8 8 8 8 8 8 8 8 8 7 7 7 7 10 10 10 10 10 10 10 10 10 10 10 10 10 10 10 10 10 10 10 10 9 9 9 9 9 9 9 9 9 9 9 9 9 9 9 9 7 7 7 7 7 7 7 7 7 -11 -11 -14 -14 -14 -14 -26 -26 -26 -26 -26 -26 -26 -26 -28 -28 -28 -27 -27 -27 -27 -27 -24 -24 -24 -24 -24 -24 -24 -24 -24 -24 -24 -24 -24 -24 -24 -26 -26 -26 -26 -16 -16 -16 -16 -16 -16 -16 -16 -16 -16 -16 -16 5 5 5 5 5 5 5 5 5 5 5 5 7 7 7 7 7 7 7 7 7 7 7 7 7 7 7 7 9 9 9 9 9 9 9 9 9 9 9 9 9 9 9 9 9 9 9 9 9 8 8 10 10 12 12 12 12 12 12 12 12 10 10 35 35 35 35 35 35 35 35 35 35 35 35 35 35 62 62 62 62 62 62 62 62 62 62 62 62 62 62 62 62 62 62 62 56 56 56 56 56 56 56 56 56 56 56 56 56 56 31 31 31 31 31 31 31 31 31 31 7 7 7 7 7 7 7 7 7 7 7 7 7 7 7 7 7 7 7 7 7 7 7 7 7 7 9 9 9 9 9 9 9 9 9 7 7 7 7 7 7 7 7 7 7 7 7 7 7 7 7 4 4 5 5 6 6 6 6 6 6 6 6 6 6 7 7 7 7 7 7 7 7 7 7 7 7 7 7 7 7 7 7 7 7 7 7 7 7 -14 -14 -14 -14 -14 -14 -14 -14 -14 -14 -14 -14 -14 -14 -14 -14 -14 -28 -16 -16 -16 -16 -16 -16 -16 -16 -16 -16 5 5 5 5 5 5 5 5 5 5 5 5 5 5 7 7 7 7 7 7 7 9 9 9 9 9 9 9 9 8 8 8 8 8 8 8 8 8 8 8 8 8 8 8 8 8 8 8 8 8 0 0 5 5 5 5 5 5 5 5 0 0 0 0 0 -27 -27 -27 -27 -27 -27 -27 -27 x x x x x x x x x x x x x
-26 -26 -26 -26 -26 -26 -26 -26 -24 -24 -24 -24 -24 -24 2 2 2 2 2 2 2 2 2 2 2 2 9 9 9 9 9 9 9 9 9 9 9 9 9 9 9 9 9 9 9 9 9 9 9 9 9 8 8 8 8 8 8 8 8 8 7 7 7 7 7 10 10 10 10 10 10 10 10 10 10 10 10 10 10 10 10 10 10 10 10 9 9 9 9 9 9 9 9 9 9 9 9 9 9 9 9 7 7 7 7 7 7 7 7 7 -11 -11 -14 -14 -14 -14 -14 -26 -26 -26 -26 -26 -26 -28 -28 -28 -28 -28 -24 -24 -24 -24 -24 -24 -24 -24 -24 -24 -24 -24 -24 -24 -24 -24 -24 -24 -24 -26 -26 -26 -26 -16 -16 -16 -16 -16 -16 -16 -16 -16 -16 -16 -16 5 5 5 5 5 5 5 5 5 5 5 5 5 7 7 7 7 7 7 7 7 7 7 7 7 7 7 7 9 9 9 9 9 9 9 9 9 9 9 9 9 9 9 9 9 9 9 9 9 8 8 10 10 12 12 12 12 12 12 12 12 12 12 35 35 35 35 35 35 35 35 35 35 35 35 35 35 62 62 62 62 62 62 62 62 62 62 62 62 62 62 62 62 62 62 62 56 56 56 56 56 56 56 56 56 56 56 56 56 56 31 31 31 31 31 31 31 31 31 7 7 7 7 7 7 7 7 7 7 7 7 7 7 7 7 7 7 7 7 7 7 7 7 7 9 9 9 9 9 9 9 9 9 9 9 9 7 7 7 7 7 7 7 7 7 7 7 7 7 7 7 4 5 5 5 6 6 6 6 6 6 6 6 7 7 7 7 7 7 7 7 7 7 7 7 7 7 7 7 7 7 7 7 7 7 7 7 7 -14 -14 -14 -14 -14 -14 -14 -14 -14 -14 -14 -14 -14 -14 -14 -14 -28 -28 -28 -16 -16 -16 -16 -16 -16 -16 -16 -16 -16 -16 5 5 5 5 5 5 5 5 5 5 5 5 5 5 7 7 7 7 7 9 9 9 9 9 9 9 9 9 9 9 9 9 9 9 9 9 9 9 9 9 9 9 9 9 9 8 8 8 5 5 5 5 5 5 5 5 5 5 5 0 0 0 -24 -24 -24 -24 -24 -27 -27 -27 -27 -27 x x x x x x x x x x x x x
-26 -26 -26 -26 -26 -26 -26 -26 -24 -24 -24 -24 -24 -24 -24 -24 2 2 2 2 2 2 2 2 2 2 4 9 9 9 9 9 9 9 9 9 9 9 9 9 9 9 9 9 9 9 9 9 9 9 8 8 8 8 8 8 8 8 8 7 7 7 7 7 7 10 10 10 10 10 10 10 10 10 10 10 10 10 10 10 10 10 10 10 10 10 9 9 9 9 9 9 9 9 9 9 9 9 9 7 7 7 7 7 7 7 7 7 7 7 -11 -14 -14 -14 -14 -14 -14 -26 -26 -26 -26 -26 -26 -28 -28 -24 -24 -24 -24 -24 -24 -24 -24 -24 -24 -24 -24 -24 -24 -24 -24 -24 -24 -24 -24 -24 -24 -26 -26 -26 -26 -26 -16 -16 -16 -16 -16 -16 -16 -16 -16 -16 -16 5 5 5 5 5 5 5 5 5 5 5 5 5 7 7 7 7 7 7 7 7 7 7 7 7 7 7 7 9 9 9 9 9 9 9 9 9 9 9 9 9 9 9 9 9 9 9 9 9 8 8 10 10 12 12 12 12 12 12 12 12 12 12 12 35 35 35 35 35 35 35 35 35 35 35 35 35 35 62 62 62 62 62 62 62 62 62 62 62 62 62 62 62 62 62 62 56 56 56 56 56 56 56 56 56 56 56 56 56 31 31 31 31 31 31 31 31 31 31 7 7 7 7 7 7 7 7 7 7 7 7 7 7 7 7 7 7 7 7 7 7 7 7 9 9 9 9 9 9 9 9 9 9 9 9 9 7 7 7 7 7 7 7 7 7 7 7 7 7 7 4 5 5 5 5 6 6 6 6 6 6 6 7 7 7 7 7 7 7 7 7 7 7 7 7 7 7 7 7 7 7 7 7 7 7 7 7 -11 -11 -14 -14 -14 -14 -14 -14 -14 -14 -14 -14 -14 -14 -14 -14 -28 -28 -28 -28 -16 -16 -16 -16 -16 -16 -16 -16 -16 -16 -16 -16 -16 5 5 5 5 5 5 5 5 5 5 5 5 7 7 7 7 7 9 9 9 9 9 9 9 9 9 9 9 9 9 9 9 9 9 9 9 9 9 9 9 9 9 9 9 9 9 5 5 5 5 5 5 5 5 5 5 5 0 0 -24 -24 -24 -24 -24 -24 -24 -24 -27 -27 -27 -27 x x x x x x x x x x x x
-26 -26 -26 -26 -26 -26 -26 -24 -24 -24 -24 -24 -24 -24 -24 -24 -24 2 2 2 2 2 2 2 2 2 2 4 9 9 9 9 9 9 9 9 9 9 9 9 9 9 9 9 9 9 9 9 9 8 8 8 8 8 8 8 8 8 7 7 7 7 7 7 7 10 10 10 10 10 10 10 10 10 10 10 10 10 10 10 10 10 10 10 10 10 9 9 9 9 9 9 9 9 9 9 9 7 7 7 7 7 7 7 7 7 7 7 7 7 -11 -14 -14 -14 -14 -14 -14 -14 -26 -26 -26 -26 -28 -28 -28 -24 -24 -24 -24 -24 -24 -24 -24 -24 -24 -24 -24 -24 -24 -24 -24 -24 -24 -24 -24 -24 -24 -26 -26 -26 -26 -26 -26 -16 -16 -16 -16 -16 -16 -16 -16 -16 -16 5 5 5 5 5 5 5 5 5 5 5 5 5 5 7 7 7 7 7 7 7 7 7 7 7 7 7 7 9 9 9 9 9 9 9 9 9 9 9 9 9 9 9 9 9 9 9 9 9 8 10 10 10 12 12 12 12 12 12 12 12 12 12 12 35 35 35 35 35 35 35 35 35 35 35 35 35 35 62 62 62 62 62 62 62 62 62 62 62 62 62 62 62 62 62 62 56 56 56 56 56 56 56 56 56 56 56 56 31 31 31 31 31 31 31 31 31 31 7 7 7 7 7 7 7 7 7 7 7 7 7 7 7 7 7 7 7 7 7 7 7 7 9 9 9 9 9 9 9 9 9 9 9 9 9 9 9 7 7 7 7 7 7 7 7 7 7 7 7 7 5 5 5 5 5 6 6 6 6 6 7 7 7 7 7 7 7 7 7 7 7 7 7 7 7 7 7 7 7 7 7 7 7 7 7 7 -11 -11 -11 -11 -14 -14 -14 -14 -14 -14 -14 -14 -14 -14 -14 -28 -28 -28 -28 -28 -28 -16 -16 -16 -16 -16 -16 -16 -16 -16 -16 -16 -16 -16 -16 5 5 5 5 5 5 5 5 5 5 5 5 7 7 7 9 9 9 9 9 9 9 9 9 9 9 9 9 9 9 9 9 9 9 9 9 9 9 9 9 9 9 9 9 5 5 5 5 5 5 5 5 5 5 5 5 5 -24 -24 -24 -24 -24 -24 -24 -24 -24 -24 -24 x x x x x x x x x x x x x x
-26 -26 -26 -26 -26 -26 -24 -24 -24 -24 -24 -24 -24 -24 -24 -24 -24 -24 -24 2 2 2 2 2 2 2 2 4 4 9 9 9 9 9 9 9 9 9 9 9 9 9 9 9 9 9 9 9 8 8 8 8 8 8 8 8 8 7 7 7 7 7 7 7 7 10 10 10 10 10 10 10 10 10 10 10 10 10 10 10 10 10 10 10 10 9 9 9 9 9 9 9 9 9 9 7 7 7 7 7 7 7 7 7 7 7 7 7 7 7 -14 -14 -14 -14 -14 -14 -14 -14 -14 -26 -26 -26 -28 -28 -28 -24 -24 -24 -24 -24 -24 -24 -24 -24 -24 -24 -24 -24 -24 -24 -24 -24 -24 -24 -24 -24 -24 -24 -26 -26 -26 -26 -26 -16 -16 -16 -16 -16 -16 -16 -16 -16 -16 5 5 5 5 5 5 5 5 5 5 5 5 5 5 5 7 7 7 7 7 7 7 7 7 7 7 7 7 9 9 9 9 9 9 9 9 9 9 9 9 9 9 9 9 9 9 9 9 9 8 8 8 12 12 12 12 12 12 12 12 12 12 12 12 12 35 35 35 35 35 35 35 35 35 35 35 35 35 62 62 62 62 62 62 62 62 62 62 62 62 62 62 62 62 62 62 62 56 56 56 56 56 56 56 56 56 56 56 31 31 31 31 31 31 31 31 31 7 7 7 7 7 7 7 7 7 7 7 7 7 7 7 7 7 7 7 7 7 7 7 7 9 9 9 9 9 9 9 9 9 9 9 9 9 9 9 9 9 7 7 7 7 7 7 7 7 7 7 7 5 5 5 5 5 5 6 6 6 7 7 7 7 7 7 7 7 7 7 7 7 7 7 7 7 7 7 7 7 7 7 7 7 7 7 7 -11 -11 -11 -11 -11 -14 -14 -14 -14 -14 -14 -14 -14 -14 -24 -24 -28 -28 -28 -28 -28 -28 -16 -16 -16 -16 -16 -16 -16 -16 -16 -16 -16 -16 -16 -16 5 5 5 5 5 5 5 5 5 5 5 5 5 7 9 9 9 9 9 9 9 9 9 9 9 9 9 9 9 9 9 9 9 9 9 9 9 9 9 9 9 9 9 9 5 5 5 5 5 5 5 5 5 5 5 5 5 -24 -24 -24 -24 -24 -24 -24 -24 -24 -24 -24 -24 -24 x x x x x x x x x x x x
-26 -26 -26 -26 -26 -26 -24 -24 -24 -24 -24 -24 -24 -24 -24 -24 -24 -24 -24 1 2 2 2 2 2 2 2 4 4 4 9 9 9 9 9 9 9 9 9 9 9 9 9 9 9 9 9 8 8 8 8 8 8 8 8 8 8 7 7 7 7 7 7 7 7 7 10 10 10 10 10 10 10 10 10 10 10 10 10 10 9 9 9 9 9 9 9 9 9 9 9 9 9 7 7 7 7 7 7 7 7 7 7 7 7 7 7 7 7 7 -14 -14 -14 -14 -14 -14 -14 -14 -14 -14 -26 -28 -28 -28 -28 -24 -24 -24 -24 -24 -24 -24 -24 -24 -24 -24 -24 -24 -24 -24 -24 -24 -24 -24 -24 -24 -24 -24 -26 -26 -26 -26 -26 -26 -16 -16 -16 -16 -16 -16 -16 -16 -16 -16 -16 -16 -16 -16 5 5 5 5 5 5 5 5 5 5 7 7 7 7 7 7 7 7 7 7 7 7 7 9 9 9 9 9 9 9 9 9 9 9 9 9 9 9 9 9 9 9 9 9 8 8 8 12 12 12 12 12 12 12 12 12 12 12 19 19 35 35 35 35 35 35 35 35 35 35 35 35 35 62 62 62 62 62 62 62 62 62 62 62 62 62 62 30 30 30 30 30 56 56 56 56 56 56 56 56 56 56 31 31 31 31 31 31 31 31 31 31 19 7 7 7 7 7 7 7 7 7 7 7 7 7 7 7 7 7 7 7 7 7 9 9 9 9 9 9 9 9 9 9 9 9 9 9 9 9 9 9 9 9 7 7 7 7 7 7 7 7 7 7 5 5 5 5 5 5 6 6 7 7 7 7 7 7 7 7 7 7 7 7 7 7 7 7 7 7 7 7 7 7 7 7 7 7 7 -11 -11 -11 -11 -11 -11 -11 -14 -14 -14 -14 -14 -14 -14 -24 -24 -24 -24 -28 -28 -28 -28 -28 -16 -16 -16 -16 -16 -16 -16 -16 -16 -16 -16 -16 -16 -16 -16 5 5 5 5 5 5 5 5 5 5 5 5 7 9 9 9 9 9 9 9 9 9 9 9 9 9 9 9 9 9 9 9 9 9 9 9 9 9 9 9 9 9 9 5 5 5 5 5 5 5 5 5 5 5 5 5 -24 -24 -24 -24 -24 -24 -24 -24 -24 -24 -24 -24 -24 -24 x x x x x x x x x x x
x x x x -26 -24 -24 -24 -24 -24 -24 -24 -24 -24 -24 -24 -24 -24 1 1 1 1 2 2 2 2 2 4 4 4 4 9 9 9 9 9 9 9 9 9 9 9 9 9 9 9 8 8 8 8 8 8 8 8 8 8 6 6 7 7 7 7 7 7 7 7 10 10 10 10 10 10 10 10 10 10 4 6 6 9 9 9 9 9 9 9 9 9 9 9 9 7 7 7 7 7 7 7 7 7 7 7 7 7 7 7 7 7 7 7 -14 -14 -14 -14 -14 -14 -14 -14 -14 -14 -14 -28 -28 -28 -28 -28 -24 -24 -24 -24 -24 -24 -24 -24 -24 -24 -24 -24 -24 -24 -24 -24 -24 -24 -24 -24 -24 -24 -26 -26 -26 -26 -26 -27 -27 -16 -16 -16 -16 -16 -16 -16 -16 -16 -16 -16 -16 -17 -17 -17 -17 -17 5 5 5 5 5 5 5 7 7 7 7 7 7 7 7 7 7 7 4 9 9 9 9 9 9 9 9 9 9 9 9 9 9 9 9 9 9 9 9 9 8 8 8 12 12 12 12 12 12 12 12 12 12 19 19 19 19 35 35 35 35 35 35 35 35 35 35 35 35 62 62 62 62 62 62 62 29 29 29 30 30 30 30 30 30 30 30 30 30 56 56 56 56 56 56 56 56 56 31 31 31 31 31 31 31 31 31 19 19 19 7 7 7 7 7 7 7 7 7 7 7 7 7 7 7 7 7 7 7 9 9 9 9 9 9 9 9 9 9 9 9 9 9 9 9 9 9 9 9 9 7 7 7 7 7 7 7 7 7 7 5 5 5 5 5 5 7 7 7 7 7 7 7 7 7 7 7 7 7 7 7 7 7 7 7 7 7 7 7 7 7 7 7 7 -11 -11 -11 -11 -11 -11 -11 -11 -11 -14 -14 -14 -14 -24 -24 -24 -24 -24 -24 -24 -28 -28 -28 -28 -16 -16 -16 -16 -16 -16 -16 -16 -16 -16 -16 -16 -16 -16 -16 5 5 5 5 5 5 5 5 5 5 5 5 9 9 9 9 9 9 9 9 9 9 9 9 9 9 9 9 9 9 9 9 9 9 9 9 9 9 9 9 9 9 9 5 5 5 5 5 5 5 5 5 5 5 5 5 5 -24 -24 -24 -24 -24 -24 -24 -24 -24 -24 -24 -24 x x x x x x x x x x x x
x x x x -24 -24 -24 -24 -24 -24 -24 -24 -24 -24 -24 -24 -24 1 1 1 1 1 1 2 2 2 2 4 4 4 4 4 9 9 9 9 9 9 9 9 9 9 9 9 4 4 8 8 8 8 8 8 8 8 8 6 6 6 6 7 7 7 7 7 7 7 10 10 10 10 10 4 4 4 4 4 6 6 6 6 9 9 9 9 9 9 9 9 9 6 6 7 7 7 7 7 7 7 7 7 7 7 7 7 7 7 7 7 7 7 -14 -14 -14 -14 -14 -14 -14 -14 -14 -14 -14 -28 -28 -28 -28 -28 -24 -24 -24 -24 -24 -24 -24 -24 -24 -24 -24 -24 -24 -24 -24 -24 -24 -24 -24 -24 -24 -24 -26 -26 -26 x -27 -27 -27 -16 -16 -16 -16 -16 -16 -16 -16 -16 -16 -17 -17 -17 -17 -17 -17 -17 -17 -17 -17 -17 5 5 5 5 7 7 7 7 7 7 7 7 4 4 4 9 9 9 9 9 9 9 9 9 9 9 9 9 9 9 9 9 9 9 9 9 8 8 8 12 12 12 12 12 12 12 12 19 19 19 19 19 19 35 35 35 35 35 35 35 35 35 35 19 29 62 29 29 29 29 29 29 29 29 30 30 30 30 30 30 30 30 30 30 30 30 30 56 56 56 56 56 56 30 30 31 31 31 31 31 31 31 31 19 19 19 19 7 7 7 7 7 7 7 7 7 7 7 7 7 7 7 7 7 9 9 9 9 9 9 9 9 9 9 9 9 9 9 9 9 9 9 9 9 9 9 9 7 7 7 7 7 7 7 7 5 5 5 5 5 5 7 7 7 7 7 7 7 7 7 7 7 7 7 7 7 7 7 7 7 7 7 7 7 7 7 7 7 7 -11 -11 -11 -11 -11 -11 -11 -11 -11 -11 -11 -14 -14 -24 -24 -24 -24 -24 -24 -24 -24 -28 -28 -28 -28 -27 -16 -16 -16 -16 -16 -16 -16 -16 -16 -16 -16 -16 -16 -16 -16 5 5 5 5 5 5 5 5 5 5 9 9 9 9 9 9 9 9 9 9 9 9 9 9 9 9 9 9 9 9 9 9 9 9 9 9 9 9 9 9 9 9 5 5 5 5 5 5 5 5 5 5 5 5 5 5 -24 -24 -24 -24 -24 -24 -24 -24 -24 -24 -24 -24 x x x x x x x x x x x x
x x x x -24 -24 -24 -24 -24 -24 -24 -24 -24 -24 -24 -24 -24 1 1 1 1 1 1 1 1 2 2 4 4 4 4 4 4 9 9 9 9 9 9 9 9 9 9 4 4 4 4 8 8 8 8 8 8 8 6 6 6 6 6 6 6 7 7 7 7 7 10 7 6 6 4 4 10 10 4 6 6 6 6 6 9 9 9 9 9 9 9 6 6 6 6 7 7 7 7 7 7 7 7 7 7 7 7 7 7 7 7 7 7 7 7 -14 -14 -14 -14 -14 -14 -14 -14 -14 -14 -14 -28 -28 -28 -28 -24 -24 -24 -24 -24 -24 -24 -24 -24 -24 -24 -24 -24 -24 -24 -24 -24 -24 -24 -24 -24 -24 -24 x x x -27 -27 -27 -27 -16 -16 -16 -16 -16 -16 -16 -16 -27 -17 -17 -17 -17 -17 -17 -17 -17 -17 -17 -17 -17 4 4 4 7 7 7 7 7 7 7 4 4 4 4 9 9 9 9 9 9 9 9 9 9 9 9 9 9 9 9 9 9 8 8 8 8 8 8 12 12 12 12 12 12 12 12 12 19 19 19 19 19 19 35 35 35 35 35 35 35 19 19 19 29 29 29 29 29 29 29 29 30 30 30 30 30 30 30 30 30 30 30 30 30 30 30 30 30 56 56 56 30 30 30 30 30 31 31 31 31 31 19 19 19 19 19 19 7 7 7 7 7 7 7 7 7 7 7 7 7 7 7 7 9 9 9 9 9 9 9 9 9 9 9 9 9 9 9 9 9 9 9 9 9 9 9 9 7 7 7 7 7 7 7 5 5 5 5 5 7 7 7 7 7 7 7 7 7 7 7 7 7 7 7 7 7 7 7 7 7 7 7 7 7 7 7 7 -11 -11 -11 -11 -11 -11 -11 -11 -11 -11 -11 -11 -11 -24 -24 -24 -24 -24 -24 -24 -24 -24 -24 -28 -28 x -27 -16 -16 -16 -16 -16 -16 -16 -16 -16 -16 -16 -16 -16 -16 -16 -16 5 5 5 5 5 5 5 5 -17 9 9 9 9 9 9 9 9 9 9 9 9 9 9 9 9 9 9 9 9 9 9 9 9 9 9 9 9 9 9 9 9 5 5 5 5 5 5 5 5 5 5 5 5 5 5 -24 -24 -24 -24 -24 -24 -24 -24 -24 -24 -24 x x x x x x x x x x x x x
x x x -24 -24 -24 -24 -24 -24 -24 -24 -24 -24 -24 -24 -24 1 1 1 1 1 1 1 1 1 1 2 4 4 4 4 4 4 9 9 9 9 9 9 9 9 9 4 4 4 4 4 4 4 8 8 8 8 8 6 6 6 6 6 6 6 6 7 7 7 7 7 6 6 6 4 4 10 10 10 10 6 6 6 6 6 9 9 9 9 6 6 6 6 6 6 7 7 7 7 7 7 7 7 7 7 7 7 7 7 7 7 7 7 7 7 -14 -14 -14 -14 -14 -14 -14 -14 -14 -14 -14 -14 -28 -28 -28 -24 -24 -24 -24 -24 -24 -24 -24 -24 -24 -24 -24 -24 -24 -24 -24 -24 -24 -24 -24 -24 -24 -24 x x -27 -27 -27 -27 -27 -27 -16 -16 -16 -16 -16 -27 -27 -27 -17 -17 -17 -17 -17 -17 -17 -17 -17 -17 -17 -17 -17 4 4 4 7 7 7 7 4 4 4 4 4 4 9 9 9 9 9 9 9 9 9 9 9 9 9 9 9 9 9 9 8 8 8 8 8 12 12 12 12 12 12 12 12 12 12 12 19 19 19 19 19 35 35 35 35 35 19 19 19 19 29 29 29 29 29 29 29 29 29 30 30 30 30 30 30 30 30 30 30 30 30 30 30 30 30 30 30 56 56 30 30 30 30 30 30 19 31 31 19 19 19 19 19 19 19 19 7 7 7 7 7 7 7 7 7 7 7 7 7 7 7 7 9 9 9 9 9 9 9 9 9 9 9 9 9 9 9 9 9 9 9 9 9 9 9 9 7 7 7 7 7 7 5 5 5 5 5 5 7 7 7 7 7 7 7 7 7 7 7 7 7 7 7 7 7 7 7 7 7 7 7 7 7 7 -11 -11 -11 -11 -11 -11 -11 -11 -11 -11 -11 -11 -11 -11 -24 -24 -24 -24 -24 -24 -24 -24 -24 -24 -24 x -27 -27 -16 -16 -16 -16 -16 -16 -16 -16 -16 -16 -16 -16 -16 -16 -17 -17 5 5 5 5 5 5 -17 -17 9 9 9 9 9 9 9 9 9 9 9 9 9 9 9 9 9 9 9 9 9 9 9 9 9 9 9 9 9 9 9 9 9 5 5 5 5 5 5 5 5 5 5 5 5 5 5 5 -24 -24 -24 -24 -24 -24 -24 -24 -24 -24 x x x x x x x x x x x x x
x x -24 -24 -24 -24 -24 -24 -24 -24 -24 -24 -24 -24 -24 1 1 1 1 1 1 1 1 1 1 1 1 4 4 4 4 4 4 4 9 9 9 9 9 9 9 4 4 4 4 4 4 4 4 4 8 8 8 6 6 6 6 6 6 6 6 6 6 7 7 7 8 8 8 6 4 10 10 10 10 10 10 6 6 6 6 9 9 8 8 6 6 6 6 6 6 7 7 7 7 7 7 7 7 7 7 7 7 7 7 7 7 7 7 7 7 -14 -14 -14 -14 -14 -14 -14 -14 -14 -14 -14 -14 -14 -28 -28 -28 -24 -24 -24 -24 -24 -24 -24 -24 -24 -24 -24 -24 -24 -24 -24 -24 -24 -24 -24 -24 -24 -24 x x -27 -27 -27 -27 -27 -27 -16 -16 -16 -16 -27 -27 -27 -27 -17 -17 -17 -17 -17 -17 -17 -17 -17 -17 -17 -17 -17 4 4 4 7 7 7 4 4 4 4 4 4 9 9 9 9 9 9 9 9 9 9 9 9 9 9 9 9 9 9 9 8 8 8 8 8 12 12 12 12 12 12 12 12 12 12 12 19 19 19 19 19 19 35 35 35 19 19 19 19 19 29 29 29 29 29 29 29 29 29 29 30 30 30 30 30 30 30 30 30 30 30 30 30 30 30 30 30 30 30 30 30 30 30 30 30 30 19 31 19 19 19 19 19 19 19 19 7 7 7 7 7 7 7 7 7 7 7 7 7 4 4 7 8 9 9 9 9 9 9 9 9 9 9 9 9 9 9 9 9 9 9 9 9 9 9 9 9 7 7 7 7 5 5 5 5 5 5 5 7 7 7 7 7 7 7 7 7 7 7 7 7 7 7 7 7 7 7 7 7 7 7 7 7 7 7 -11 -11 -11 -11 -11 -11 -11 -11 -11 -11 -11 -11 -11 -11 -24 -24 -24 -24 -24 -24 -24 -24 -24 -24 -24 -27 -27 -27 -27 -27 -27 -27 -27 -27 -27 -27 -27 -17 -17 -17 -17 -17 -17 -17 5 5 5 -17 -17 -17 9 9 9 9 9 9 9 9 9 9 9 9 9 9 9 9 9 9 9 9 9 9 9 9 9 9 9 9 9 9 9 9 9 9 5 5 5 5 5 5 5 5 5 5 5 5 5 5 5 -24 -24 -24 -24 -24 -24 -24 -24 -24 x x x x x x x x x x x x x x
x x -24 -24 -24 -24 -24 -24 -24 -24 -24 -24 -24 -24 -24 1 1 1 1 1 1 1 1 1 1 1 1 4 4 4 4 4 4 4 4 9 9 9 9 9 9 4 4 4 4 4 4 4 4 4 4 8 6 6 6 6 6 6 6 6 6 6 6 8 8 8 8 8 8 6 10 10 10 10 10 10 10 10 6 6 6 8 8 8 8 8 8 6 6 6 6 7 7 7 7 7 7 7 7 7 7 7 7 7 7 7 7 7 7 7 7 -14 -14 -14 -14 -14 -14 -14 -14 -14 -14 -14 -14 -14 -28 -28 -28 -24 -24 -24 -24 -24 -24 -24 -24 -24 -24 -24 -24 -24 -24 -24 -24 -24 -24 -24 -24 -24 -24 x -27 -27 -27 -27 -27 -27 -27 -27 -16 -27 -27 -27 -27 -27 -27 -27 -17 -17 -17 -17 -17 -17 -17 -17 -17 -17 -17 -17 4 4 4 4 4 4 4 4 4 4 4 4 9 9 9 9 9 9 9 9 9 9 9 9 9 9 9 9 9 9 9 8 8 8 8 8 12 12 12 12 12 12 12 12 12 12 12 12 19 19 19 19 19 35 19 19 19 19 19 19 29 29 29 29 29 29 29 29 29 29 29 29 30 30 30 30 30 30 30 30 30 30 30 30 30 30 30 30 30 30 30 30 30 30 30 30 30 30 19 19 19 19 19 19 19 19 19 19 7 7 7 7 7 7 7 7 7 7 7 7 4 8 8 8 9 9 9 9 9 9 9 9 9 9 9 9 9 9 9 9 9 9 9 9 9 9 9 9 9 7 7 7 5 5 5 5 5 9 9 5 7 7 7 7 7 7 7 7 7 7 7 7 7 7 7 7 7 7 7 7 7 7 7 7 7 7 7 -11 -11 -11 -11 -11 -11 -11 -11 -11 -11 -11 -11 -24 -24 -24 -24 -24 -24 -24 -24 -24 -24 -24 -24 -27 -27 -27 -27 -27 -27 -27 -27 -27 -27 -27 -17 -17 -17 -17 -17 -17 -17 -17 5 5 -17 -17 -17 -17 9 9 9 9 9 9 9 9 9 9 9 9 9 9 9 9 9 9 9 9 9 9 9 9 9 9 9 9 9 9 9 9 9 9 5 5 5 5 5 5 5 5 5 5 5 5 5 5 5 -24 -24 -24 -24 -24 -24 -24 -24 -24 x x x x x x x x x x x x x x
x -24 -24 -24 -24 -24 -24 -24 -24 -24 -24 -24 -24 -24 1 5 5 5 5 5 5 5 5 1 1 1 1 4 4 4 4 4 4 4 9 9 9 9 9 9 9 9 4 4 4 4 4 4 4 4 4 4 6 6 6 6 6 6 6 6 8 8 8 8 8 8 8 8 8 10 10 10 10 10 10 10 10 10 10 6 8 8 8 8 8 8 8 8 8 6 6 7 7 7 7 7 7 7 7 7 7 7 7 7 7 7 7 7 7 7 7 -14 -14 -14 -14 -14 -14 7 7 7 -14 -14 -14 -14 -14 -28 -28 -24 -24 -24 -24 -24 -24 -23 -23 -23 -23 -23 -23 -23 -23 -23 -23 -23 -23 -23 -24 -24 -24 -24 -27 -27 -27 -27 -27 -27 -27 -27 -27 -27 -27 -27 -27 -27 -27 -27 -17 -17 -17 -17 -17 -17 -17 -17 -17 -17 -17 -17 4 4 4 4 4 4 4 4 4 4 4 4 9 9 9 9 9 9 9 9 9 9 9 9 9 9 9 9 9 9 8 8 8 8 8 8 12 12 12 12 12 12 12 12 12 12 12 12 19 19 19 19 19 19 19 19 19 19 19 19 29 29 29 29 29 29 29 29 29 29 29 29 29 30 30 30 30 30 30 30 30 30 30 30 30 30 30 30 30 30 30 30 30 30 30 30 30 30 19 19 19 19 19 19 19 19 19 19 19 7 7 7 7 7 7 7 7 7 7 8 8 8 8 8 8 9 9 9 9 9 9 9 9 9 9 9 9 9 9 9 9 9 9 9 9 9 9 9 9 9 5 7 5 5 5 5 9 9 9 9 9 7 7 7 7 7 7 7 7 7 7 7 7 7 7 7 7 7 7 7 7 7 7 7 7 7 7 -11 -11 -11 -11 -11 -11 -11 -11 -11 -11 -24 -24 -24 -24 -24 -24 -24 -24 -24 -24 -24 -24 -24 -27 -27 -27 -27 -27 -27 -27 -27 -27 -27 -27 -27 -17 -17 -17 -17 -17 -17 -17 -17 -17 -17 -17 -17 -17 9 9 9 9 9 9 9 9 9 9 9 9 9 9 9 9 9 9 9 9 9 9 9 9 9 9 9 9 9 9 9 9 9 9 9 6 6 6 6 6 6 5 5 5 5 5 5 5 5 5 5 -24 -24 -24 -24 -24 -24 -24 x x x x x x x x x x x x x x x
x -24 -24 -24 -24 -24 -24 -24 -24 -24 -24 -24 -24 -24 1 5 5 5 5 5 5 5 5 5 5 5 5 5 5 5 5 5 5 9 9 9 9 9 9 9 9 9 9 4 4 4 4 4 4 4 4 4 7 7 7 7 7 8 8 8 8 8 8 8 8 8 8 8 10 10 10 10 10 10 10 10 10 10 10 10 10 8 8 8 8 8 8 8 8 8 8 7 7 7 7 7 7 7 7 7 7 7 7 7 7 7 7 7 7 7 7 -14 -14 7 7 7 7 7 7 7 7 3 3 -14 -14 -14 -28 -23 -23 -23 -23 -23 -23 -23 -23 -23 -23 -23 -23 -23 -23 -23 -23 -23 -23 -23 -24 -24 -24 -24 -27 -27 -27 -27 -27 -27 -27 -27 -27 -27 -27 -27 -27 -27 -27 -27 -17 -17 -17 -17 -17 -17 -17 -17 -17 -17 -17 -17 4 4 4 4 4 4 4 4 4 4 4 4 9 9 9 9 9 9 9 9 9 9 9 9 9 9 9 9 9 9 8 8 8 8 8 8 12 12 12 12 12 12 12 12 12 12 12 12 12 19 19 19 19 19 19 19 19 19 19 29 29 29 29 29 29 29 29 29 29 29 29 29 29 29 30 30 30 30 30 30 30 30 30 30 30 30 30 30 30 30 30 30 30 30 30 30 30 19 19 19 19 19 19 19 19 19 19 19 19 7 7 7 7 7 7 7 7 8 8 8 8 8 8 8 8 8 9 9 9 9 9 9 9 9 9 9 9 9 9 9 9 9 9 9 9 9 9 9 9 9 9 5 5 5 5 9 9 9 9 9 9 9 7 7 7 7 7 7 7 7 7 7 7 7 7 7 7 7 7 7 7 7 7 7 7 7 7 7 -11 -11 -11 -11 -11 -11 -11 -11 -24 -24 -24 -24 -24 -24 -24 -24 -24 -24 -24 -24 -24 x -27 -27 -27 -27 -27 -27 -27 -27 -27 -27 -27 -17 -17 -17 -17 -17 -17 -17 -17 -17 -17 -17 -17 -17 9 9 9 9 9 9 9 9 9 9 9 9 9 9 9 9 9 9 9 9 9 9 9 9 9 9 9 9 9 9 9 9 9 9 9 9 6 6 6 6 6 6 6 6 6 6 6 6 6 5 5 5 -24 -24 -24 -24 -24 -24 -24 x x x x x x x x x x x x x x x
x x -24 -24 -24 -24 -24 -24 -24 -24 -24 -24 -24 1 1 5 5 5 5 5 5 5 5 5 5 5 5 5 5 5 5 5 9 9 9 9 9 9 9 9 9 9 9 9 4 4 4 7 7 7 7 7 7 7 8 8 8 8 8 8 8 8 8 8 8 8 8 8 10 10 10 10 10 10 10 10 10 10 10 10 10 10 8 8 8 8 8 8 8 8 8 8 8 7 7 7 7 7 7 7 7 7 7 7 7 7 7 7 7 7 7 7 7 7 7 7 7 7 7 7 7 3 3 3 3 3 3 -23 -23 -23 -23 -23 -23 -23 -23 -23 -23 -23 -23 -23 -23 -23 -23 -23 -23 -23 -24 -24 -24 -24 -27 -27 -27 -27 -27 -27 -27 -27 -27 -27 -27 -27 -27 -27 -27 -27 -17 -17 -17 -17 -17 -17 -17 -17 -17 -17 -17 -17 -17 4 4 4 4 4 4 4 4 4 4 9 9 9 9 9 9 9 9 9 9 9 9 9 9 9 9 9 9 9 8 8 8 8 8 12 12 12 12 12 12 12 12 12 12 12 12 12 12 19 19 19 19 19 19 19 19 19 19 29 29 29 29 29 29 29 29 29 29 29 29 29 29 29 29 30 30 30 30 30 30 30 30 30 30 30 30 30 30 30 30 30 30 30 30 30 19 19 19 19 19 19 19 19 19 19 19 19 7 7 7 7 7 7 7 8 8 8 8 8 8 8 8 8 8 8 8 9 9 9 9 9 9 9 9 9 9 9 9 9 9 9 9 9 9 9 9 9 9 9 9 9 9 5 5 9 9 9 9 9 9 9 9 7 7 7 7 7 7 7 7 7 7 7 7 7 7 7 7 7 7 7 7 7 7 7 7 7 -11 -11 -11 -11 -11 -11 -11 -24 -24 -24 -24 -24 -24 -24 -24 -24 -24 -24 -24 -24 x x -27 -27 -27 -27 -27 -27 -27 -27 -27 -27 -27 -17 -17 -17 -17 -17 -17 -17 -17 -17 -17 -17 -17 -17 9 9 9 9 9 9 9 9 9 9 9 9 9 9 9 9 9 9 9 9 9 9 9 9 9 9 9 9 9 9 9 9 9 9 9 9 6 6 6 6 6 6 6 6 6 6 6 6 6 6 5 5 -24 -24 -24 -24 -24 -24 -24 x x x x x x x x x x x x x x x
x x x x -24 -24 -24 -24 -24 -24 -24 -24 -24 -24 -24 5 5 5 5 5 5 5 5 5 5 5 5 5 5 5 5 9 9 9 9 9 9 9 9 9 9 9 9 9 9 7 7 7 7 7 7 7 8 8 8 8 8 8 8 8 8 8 8 8 8 8 8 10 10 10 10 10 10 10 10 10 10 10 10 10 10 10 10 8 8 8 8 8 8 8 8 8 8 8 8 7 7 7 7 7 7 7 7 7 7 7 7 7 7 7 7 7 7 7 7 7 7 7 7 7 7 3 3 3 3 3 3 3 3 3 -23 -23 -23 -23 -23 -23 -23 -23 -23 -23 -23 -23 -23 -23 -23 -23 -24 -24 -24 -24 -27 -27 -27 -27 -27 -27 -27 -27 -27 -27 -27 -27 -27 -27 -27 -27 -17 -17 -17 -17 -17 -17 -17 -17 -17 -17 -17 -17 -17 4 4 4 4 4 4 4 4 4 4 4 9 9 9 9 9 9 9 9 9 9 9 9 9 9 9 9 9 8 8 8 8 8 8 12 12 12 12 12 12 12 12 12 12 12 12 12 12 12 19 19 19 19 19 19 19 19 29 29 29 29 29 29 29 29 29 29 29 29 29 29 29 29 29 29 30 30 30 30 30 30 30 30 30 30 30 30 30 30 30 30 30 30 30 19 19 19 19 19 19 19 19 19 19 19 19 7 7 7 7 7 7 8 8 8 8 8 8 8 8 8 8 8 8 8 9 9 9 9 9 9 9 9 9 9 9 9 9 9 9 9 9 9 9 9 9 9 9 9 9 9 9 9 9 9 9 9 9 9 9 9 9 9 7 7 7 7 7 7 7 7 7 7 7 7 7 7 7 7 7 7 7 7 7 7 7 -11 -11 -11 -11 -11 -11 -24 -24 -24 -24 -24 -24 -24 -24 -24 -24 -24 -24 -24 -24 x x -27 -27 -27 -27 -27 -27 -27 -27 -27 -27 -27 -27 -27 -27 -17 -17 -17 -17 -17 -17 -17 -17 -17 -17 -17 9 9 9 9 9 9 9 9 9 9 9 9 9 9 9 9 9 9 9 9 9 9 9 9 9 9 9 9 9 9 9 9 9 9 9 9 6 6 6 6 6 6 6 6 6 6 6 6 6 6 -24 -24 -24 -24 -24 -24 -24 -24 -25 x x x x x x x x x x x x x x x
x x x x -26 -24 -24 -24 -24 -24 -24 -24 -24 -24 5 5 5 5 5 5 5 5 5 5 5 5 5 5 5 5 9 9 9 9 9 9 9 9 9 9 9 9 9 9 9 9 7 7 7 8 8 8 8 8 8 8 8 8 8 8 8 8 8 8 8 8 10 10 10 10 10 10 10 10 10 10 10 10 10 10 10 10 10 10 8 8 8 8 8 8 8 8 8 8 8 8 7 7 7 7 7 7 7 7 7 7 7 7 7 7 7 7 7 7 7 7 7 7 7 7 7 3 3 3 3 3 3 3 3 3 3 3 3 3 -23 -23 -23 -23 -23 -23 -23 -23 -23 -23 -23 -23 -24 -24 -24 -24 -24 -27 -27 -27 -27 -27 -27 -27 -27 -27 -27 -27 -27 -27 -27 -27 -17 -17 -17 -17 -17 -17 -17 -17 -17 -17 -17 -17 1 4 4 4 4 4 4 4 4 4 4 4 4 4 4 9 9 9 9 9 9 9 9 9 9 9 9 9 9 8 8 8 8 8 8 12 12 12 12 12 12 12 12 12 12 12 12 12 12 12 12 19 19 19 19 19 19 19 29 29 29 29 29 29 29 29 29 29 29 29 29 29 29 29 29 29 30 30 30 30 30 30 30 30 30 30 30 30 30 30 30 30 30 30 19 19 19 19 19 19 19 19 19 19 19 19 7 7 7 7 7 8 8 8 8 8 8 8 8 8 8 8 8 8 8 9 9 9 9 9 9 9 9 9 9 9 9 9 9 9 9 9 9 9 9 9 9 9 9 9 9 9 9 9 9 9 9 9 9 9 9 9 9 9 9 9 7 7 7 7 7 7 7 7 7 7 7 7 7 7 7 7 7 7 7 -11 -11 -11 -11 -11 -11 -11 -24 -24 -24 -24 -24 -24 -24 -24 -24 -24 -24 -24 -24 -24 x x x x x x -27 -27 -27 -27 -27 -27 -27 -27 -27 -27 -27 -27 -17 -17 -17 -17 -17 -17 -17 -17 -17 -17 -17 -17 9 9 9 9 9 9 9 9 9 9 9 9 9 9 9 9 9 9 9 9 9 9 9 9 9 9 9 9 9 9 9 9 9 9 6 6 6 6 6 6 6 6 6 6 6 6 6 6 -24 -24 -24 -24 -24 -24 -24 -24 -25 -25 x x x x x x x x x x x x x x
x x x -26 -26 -26 -26 -24 -24 -24 -24 -24 -24 -24 5 5 5 5 5 5 5 5 5 5 5 5 5 5 5 9 9 9 9 9 9 9 9 9 9 9 9 9 9 9 9 9 9 9 8 8 8 8 8 8 8 8 8 8 8 8 8 8 8 8 8 10 10 10 10 10 10 10 10 10 10 10 10 10 10 10 10 10 10 10 10 10 8 8 8 8 8 8 8 8 8 8 8 8 7 7 7 7 7 7 7 7 7 7 7 7 7 7 7 7 7 7 7 7 7 7 7 7 3 3 3 3 3 3 3 3 3 3 3 3 3 3 3 3 -23 -23 -23 -23 -23 -23 -23 -23 -24 -24 x x x x x -27 -27 -27 -27 -27 -27 -27 -27 -27 -27 -27 -27 -27 -17 -17 -17 -17 -17 -17 -17 -17 -17 -17 -17 -17 1 4 4 4 4 4 4 4 4 4 4 4 4 4 6 6 6 6 6 9 9 9 9 9 9 9 9 9 9 8 8 8 8 8 8 8 8 12 12 12 12 12 12 12 12 12 12 12 12 12 12 19 19 19 19 19 19 19 19 19 29 29 29 29 29 29 29 29 29 29 29 29 29 29 29 29 29 30 30 30 30 30 30 30 30 30 30 30 30 30 30 30 30 19 19 19 19 19 19 19 19 19 19 19 19 7 7 7 7 7 8 8 8 8 8 8 8 8 8 8 8 8 8 8 9 9 9 9 9 9 9 9 9 9 9 9 9 9 9 9 9 9 9 9 9 9 9 9 9 9 9 9 9 9 9 9 9 9 9 9 9 9 9 9 9 9 9 7 7 7 7 7 7 7 7 7 7 7 7 7 7 7 7 7 -11 -11 -11 -11 -11 -11 -11 -22 -24 -24 -24 -24 -24 -24 -24 -24 -24 -24 -24 -24 -24 x x x x x x x x x x -27 -27 -27 -27 -27 -27 -27 -27 -27 -23 -23 -17 -17 -17 -17 -17 -17 -17 -17 -17 -17 6 9 9 9 9 9 9 9 9 9 9 9 9 9 9 9 9 9 9 9 9 9 9 9 9 9 9 9 9 9 9 9 9 9 6 6 6 6 6 6 6 6 6 6 6 6 6 6 -24 -24 -24 -24 -24 -24 -24 -25 -25 -25 x x x x x x x x x x x x x x
x x x -26 -26 -26 -26 -26 -24 -24 -24 -24 -24 -24 5 5 5 5 5 5 5 5 5 5 5 5 5 5 9 9 9 9 9 9 9 9 9 9 9 9 9 9 9 9 9 9 9 9 9 8 8 8 8 8 8 8 8 8 8 8 8 8 8 8 10 10 10 10 10 10 10 10 10 10 10 10 10 10 10 10 10 10 10 10 10 10 10 8 8 8 8 8 8 8 8 8 8 8 8 8 5 5 5 7 7 7 7 7 7 7 7 7 7 7 7 7 7 7 7 7 7 7 3 3 3 3 3 3 3 3 3 3 3 3 3 3 3 3 3 -23 -23 -23 -23 -23 -23 -23 x x x x x x x x x -27 -27 -27 -27 -27 -27 -27 -27 -27 -27 -27 -17 -17 -17 -17 -17 -17 -17 -17 -17 -17 -17 -17 1 4 4 4 4 4 4 4 4 4 4 4 6 6 6 6 6 6 6 6 6 6 9 9 9 9 9 9 8 8 8 8 8 8 8 8 8 9 9 9 9 9 12 12 12 12 12 12 12 12 12 12 19 19 19 19 19 19 19 19 19 19 29 29 29 29 29 29 29 29 29 29 29 29 29 29 29 29 30 30 30 30 30 30 30 30 30 30 30 30 30 30 19 19 19 19 19 19 19 19 19 19 19 19 7 7 7 7 7 7 7 8 8 8 8 8 8 8 8 8 8 8 8 9 9 9 9 9 9 9 9 9 9 9 9 9 9 9 9 9 9 9 9 9 9 9 9 9 9 9 9 9 9 9 9 9 9 9 9 9 9 9 9 9 9 9 9 9 7 7 7 7 7 7 7 7 7 7 7 7 7 7 -11 -11 -11 -11 -11 -11 -11 -11 -22 -22 -22 -24 -24 -24 -24 -24 -24 -24 -24 -24 -24 -24 x x x x x x x x x x x x x x -27 -27 -27 -27 -27 -27 -23 -23 -23 -17 -17 -17 -17 -17 -17 -17 -17 -17 6 6 6 9 9 9 9 9 9 9 9 9 9 9 9 9 9 9 9 9 9 9 9 9 9 9 9 9 9 9 9 9 9 9 6 6 6 6 6 6 6 6 6 6 6 6 6 6 -24 -24 -24 -24 -24 -24 -24 -25 -25 -25 -25 x x x x x x x x x x x x x
x x -26 -26 -26 -26 -26 -26 -26 -26 -24 -24 -24 -24 5 5 5 5 5 5 5 5 5 5 5 5 5 9 9 9 9 9 9 9 9 9 9 9 9 9 9 9 9 9 9 9 9 9 9 9 8 8 8 8 8 8 8 8 8 8 8 8 8 8 10 10 10 10 10 10 10 10 10 10 10 10 10 10 10 10 10 10 10 10 10 10 10 10 8 8 8 8 8 8 8 8 8 8 8 8 8 5 5 7 7 7 7 7 7 7 7 7 7 7 7 7 7 7 7 7 7 7 3 3 3 3 3 3 3 3 3 3 3 3 3 3 3 3 3 -23 -23 -23 -23 -23 -23 -23 x x x x x x x x x x -27 -27 -27 -27 -27 -27 -27 -27 -27 -27 -28 -17 -17 -17 -17 -17 -17 -17 -17 -17 -17 -17 1 1 4 4 4 4 4 1 1 1 1 6 6 6 6 6 6 6 6 6 6 8 8 8 8 9 9 9 8 8 8 8 8 8 8 8 8 9 9 9 9 9 9 9 9 9 9 12 12 12 12 12 19 19 19 19 19 19 19 19 19 19 19 19 29 29 29 29 29 29 29 29 29 29 29 29 29 29 29 30 30 30 30 30 30 30 30 30 30 30 30 19 19 19 19 19 19 19 19 19 19 19 19 7 7 7 7 7 7 7 7 8 8 8 8 8 8 8 8 8 8 8 9 9 9 9 9 9 9 9 9 9 9 9 9 9 9 9 9 9 9 9 9 9 9 9 9 9 9 9 9 9 9 9 9 9 9 9 9 9 9 9 9 9 9 9 9 9 9 7 7 7 7 7 7 7 7 7 7 7 1 1 1 -11 -11 -11 -11 -11 -22 -22 -22 -22 -22 x -24 -24 -24 -24 -24 -24 -24 -24 x x x x x x x x x x x x x x x x x x x -27 -27 -27 -23 -23 -23 -23 -23 -17 -17 -17 -17 -17 -17 -17 6 6 6 6 9 9 9 9 9 9 9 9 9 9 9 9 9 9 9 9 9 9 9 9 9 9 9 9 9 9 9 9 9 9 6 6 6 6 6 6 6 6 6 6 6 6 6 6 -24 -24 -24 -24 -24 -24 -25 -25 -25 -25 -25 x x x x x x x x x x x x x
x x -26 -26 -26 -26 -26 -26 -26 -26 -26 -24 -24 -24 5 5 5 5 5 5 5 5 5 5 5 5 9 9 9 9 9 9 9 9 9 9 9 9 9 9 9 9 9 9 9 9 9 9 9 9 9 8 8 8 8 8 8 8 8 8 8 8 8 10 10 10 10 10 10 10 10 10 10 10 10 10 10 10 10 10 10 10 10 10 10 10 10 10 10 8 8 8 8 8 8 8 8 8 8 8 8 5 5 7 7 7 7 7 7 7 7 7 7 7 7 7 7 7 7 7 7 7 3 3 3 3 3 3 3 3 3 3 3 3 3 3 3 3 3 -23 -23 -23 -23 -23 -23 -23 x x x x x x x x x x x x -27 -27 -27 -27 -27 -27 -27 -27 -28 -17 -17 -17 -17 -17 -17 -17 -17 -17 -17 1 1 1 4 1 1 1 1 1 1 6 6 6 6 6 6 6 6 6 6 6 8 8 8 8 8 8 8 8 8 8 8 8 8 8 8 8 8 9 9 9 9 9 9 9 9 9 9 9 9 9 9 9 12 19 19 19 19 19 19 19 19 19 19 19 19 29 29 29 29 29 29 29 29 29 29 29 29 29 29 8 30 30 30 30 30 30 30 30 30 8 8 8 19 19 19 19 19 19 19 19 19 19 7 7 7 7 7 7 7 7 7 7 8 8 8 8 8 8 8 8 8 8 9 9 9 9 9 9 9 9 9 9 9 9 9 9 9 9 9 9 9 9 9 9 9 9 9 9 9 9 9 9 9 9 9 9 9 9 9 9 9 9 9 9 9 9 9 9 9 9 7 7 7 7 7 7 7 7 7 1 1 1 1 -11 -11 -11 -11 -22 -22 -22 -22 -22 -22 -22 x -24 -24 -24 -24 -24 -24 x x x x x x x x x x x x x x x x x x x x x x x -23 -23 -23 -23 -23 -23 -23 -17 -17 -17 -17 -17 6 6 6 6 6 6 9 9 9 9 9 9 9 9 9 9 6 6 6 6 6 6 6 3 3 3 3 3 6 9 9 9 9 6 6 6 6 6 6 6 6 6 6 6 6 6 6 -25 -25 -24 -24 -24 -24 -24 -25 -25 -25 -25 -25 -25 x x x x x x x x x x x x
x -26 -26 -26 -26 -26 -26 -26 -26 -26 -26 -26 -26 -24 5 5 5 5 5 5 5 5 5 5 5 9 9 9 9 9 9 9 9 9 9 9 9 9 9 9 9 9 9 9 9 9 9 9 9 9 9 8 8 8 8 8 8 8 8 8 8 8 10 10 10 10 10 10 10 10 10 10 10 10 10 10 10 10 10 10 10 10 10 10 10 10 10 10 10 10 10 8 8 8 8 8 8 8 8 8 5 5 5 7 7 7 7 7 7 7 7 7 7 7 7 7 7 7 7 7 7 7 7 3 3 3 3 3 3 3 3 3 3 3 3 3 3 3 -23 -23 -23 -23 -23 -23 -23 -23 -23 x x x x x x x x x x x x x -27 -27 -27 -27 -27 -28 -28 -17 -17 -17 -17 -28 -28 -28 -28 -28 -28 1 1 1 1 1 1 1 1 1 1 6 6 6 6 6 6 6 6 6 6 8 8 8 8 8 8 8 8 8 8 8 8 8 8 8 8 8 8 8 9 9 9 9 9 9 9 9 9 9 9 9 9 9 9 9 19 19 19 19 19 19 19 19 19 19 5 5 5 29 29 29 29 29 29 29 29 29 29 29 29 8 8 30 30 30 30 30 30 30 8 8 8 8 19 19 19 19 19 19 19 19 7 7 7 7 7 7 7 7 7 7 7 7 8 8 8 8 8 8 8 8 8 9 9 9 9 9 9 9 9 9 9 9 9 9 9 9 9 9 9 9 9 9 9 9 9 9 9 9 9 9 9 9 9 9 9 9 9 9 9 9 9 9 9 9 9 9 9 9 9 9 9 9 7 7 7 7 7 1 1 1 1 1 1 1 -11 -11 -22 -22 -22 -22 -22 -22 -22 -22 -22 x -24 -24 -24 -24 x x x x x x x x x x x x x x x x x x x x -27 -27 x x x -23 -23 -23 -23 -23 -23 -23 -17 -17 -17 -17 6 6 6 6 6 6 6 9 9 9 9 9 9 9 9 6 6 6 6 6 6 6 6 3 3 3 3 6 6 6 6 6 6 6 6 6 6 6 6 6 6 6 6 6 6 6 6 -25 -25 -25 -25 -24 -24 -25 -25 -25 -25 -25 -25 -25 x x x x x x x x x x x x
-26 -26 -26 -26 -26 -26 -26 -26 -26 -26 -26 -26 -26 -26 5 5 5 5 5 5 5 5 5 5 9 9 9 9 9 9 9 9 9 9 9 9 9 9 9 9 9 9 9 9 9 9 9 9 9 9 8 8 8 8 8 8 8 8 8 8 8 10 10 10 10 10 10 10 10 10 10 10 10 10 10 10 10 10 10 10 10 10 10 10 10 10 10 10 10 10 8 8 8 8 8 8 8 8 8 5 5 5 5 5 7 9 7 7 7 7 7 7 7 7 7 7 7 7 7 7 7 7 7 3 3 3 3 3 3 3 3 3 3 3 3 3 3 3 -23 -23 -23 -23 -23 -23 -23 -23 -23 x x x x x x x x x x x x x x x -27 -27 -27 -28 -28 -28 -28 -28 -28 -28 -28 -28 -28 -28 -28 1 1 1 1 1 1 1 1 1 1 6 6 6 6 6 6 6 6 6 8 8 8 8 8 8 8 8 8 8 8 8 8 8 8 8 8 8 8 8 9 9 9 9 9 9 9 9 9 9 9 9 9 9 9 9 19 19 19 19 19 19 19 19 5 5 5 5 5 5 5 29 29 29 29 29 29 29 29 29 8 8 8 8 30 30 30 30 30 8 8 8 8 8 8 19 19 19 19 19 19 7 7 7 7 7 7 7 7 7 7 7 7 7 7 8 8 8 8 8 8 8 9 9 9 9 9 9 9 9 9 9 9 9 9 9 9 9 9 9 9 9 9 9 9 9 9 9 9 9 9 9 9 9 9 9 9 9 9 9 9 9 9 9 9 9 9 9 9 9 9 9 9 9 7 7 7 7 1 1 1 1 1 1 1 1 -22 -22 -22 -22 -22 -22 -22 -22 -22 -22 -22 -22 -25 -24 -24 x x x x x x x x x x x x x x x x x x x x x -27 -27 -27 x x -23 -23 -23 -23 -23 -23 -23 -23 -23 -17 -17 6 6 6 6 6 6 6 6 6 9 9 9 9 9 9 6 6 6 6 8 6 6 6 3 3 3 3 6 6 6 6 6 6 6 6 6 6 6 6 6 6 6 6 6 6 6 6 -25 -25 -25 -25 -25 -25 -25 -25 -25 -25 -25 -25 -25 -25 x x x x x x x x x x x
-26 -26 -26 -26 -26 -26 -26 -26 -26 -26 -26 -22 -22 -22 5 5 5 5 5 5 5 5 5 5 9 9 9 9 9 9 9 9 9 9 9 9 9 9 9 9 9 9 9 9 9 9 9 9 9 7 8 8 8 8 8 8 8 8 8 8 10 10 10 10 10 10 10 10 10 10 10 10 10 10 10 10 10 10 10 10 10 10 10 10 10 10 10 10 10 8 8 8 8 8 8 8 8 8 8 5 5 5 5 9 9 9 9 7 7 7 7 7 7 7 7 7 7 7 7 7 7 7 7 3 3 3 3 3 3 3 3 3 3 3 3 3 3 3 -23 -23 -23 -23 -23 -23 -23 -23 -23 x x x x x x x x x x x x x x x -28 -28 -28 -28 -28 -28 -28 -28 -28 -28 -28 -28 -28 -28 -28 1 1 1 1 1 1 1 1 1 1 3 6 6 6 6 6 6 6 8 8 8 8 8 8 8 8 8 8 8 8 8 8 8 8 8 8 8 8 8 9 9 9 9 9 9 9 9 9 9 9 9 9 9 9 9 9 19 19 19 19 19 19 5 5 5 5 10 10 5 5 5 5 29 29 29 29 29 29 29 8 8 8 8 8 30 30 30 8 8 8 8 8 8 8 7 19 19 19 19 7 7 7 7 7 7 7 7 7 7 7 7 7 7 7 8 8 8 8 8 8 9 9 9 9 9 9 9 9 9 9 9 9 9 9 9 9 9 9 9 9 9 9 9 9 9 9 9 9 9 9 9 9 9 9 9 9 9 9 9 9 9 9 9 9 9 9 9 9 9 9 9 9 9 7 7 1 1 1 1 1 1 1 1 1 1 -22 -22 -22 -22 -22 -22 -22 -22 -22 -22 -22 -22 -25 -25 -25 x x x x x x x x x x x x x x x x x x x x -27 -27 -27 -27 -27 x -23 -23 -12 -23 -23 -23 -23 -23 -23 -23 -17 6 6 6 6 6 6 6 6 6 6 9 9 9 9 6 6 6 6 6 8 8 8 3 3 3 3 3 6 6 6 6 6 6 6 6 6 6 6 6 6 6 6 6 6 6 6 6 -25 -25 -25 -25 -25 -25 -25 -25 -25 -25 -25 -25 -25 -25 x x x x x x x x x x x
-26 -26 -26 -26 -26 -26 -26 -26 -26 -26 -22 -22 -22 -22 5 5 5 5 5 5 5 5 5 9 9 9 9 9 9 9 9 9 9 9 9 9 9 9 9 9 9 9 9 9 9 9 9 9 7 7 8 8 8 8 8 8 8 8 8 8 10 10 10 10 10 10 10 10 10 10 10 10 10 10 10 10 10 10 10 10 10 10 10 10 10 10 10 10 8 8 8 8 8 8 8 8 8 8 5 5 5 9 9 9 9 9 9 7 7 7 7 7 7 7 7 7 7 7 7 7 7 7 7 3 3 3 3 3 3 3 3 3 3 3 3 3 3 -23 -23 -23 -23 -23 -23 -23 -23 -23 -23 x x x x x x x x x x x x x x x x -28 -28 -28 -28 -28 -28 -28 -28 -28 -28 -28 -28 -28 1 1 1 1 1 1 1 1 1 1 3 3 3 6 6 6 6 8 8 8 8 8 8 8 8 8 8 8 8 8 8 8 8 8 8 8 8 8 8 8 9 9 9 9 9 9 9 9 9 9 9 9 9 9 9 9 9 19 19 19 19 5 5 5 5 5 5 10 10 10 10 10 5 5 5 29 29 29 29 8 8 8 8 8 8 8 30 8 8 8 8 8 8 8 8 7 7 19 19 7 7 7 7 7 7 7 7 7 7 7 7 7 7 7 7 7 8 8 8 8 9 9 9 9 9 9 9 9 9 9 9 9 9 9 9 9 9 9 9 9 9 9 9 9 9 9 9 9 9 9 9 9 9 9 9 9 9 9 9 9 9 9 9 9 9 9 9 9 9 9 9 9 9 7 1 1 1 1 1 1 1 1 1 1 1 1 1 -22 -22 -22 -22 -22 -22 -22 -22 -22 -22 -22 -25 -25 -25 -25 x x x x x x x x x x x x x x x x x x -27 -27 -27 -27 -27 -27 -27 -23 -23 -12 -12 -12 -12 -12 -12 -23 -23 -23 6 6 6 6 6 6 6 6 6 6 6 6 9 6 6 6 6 6 8 8 8 8 8 3 3 3 3 6 6 6 6 6 6 6 6 6 6 6 6 6 6 6 6 6 6 6 6 -25 -25 -25 -25 -25 -25 -25 -25 -25 -25 -25 -25 -25 -25 x x x x x x x x x x x
-26 -26 -26 -26 -26 -26 -26 -26 -26 -22 -22 -22 -22 -22 5 5 5 5 5 5 5 5 5 5 9 9 9 9 9 9 9 9 9 9 9 9 9 9 9 9 9 9 9 9 9 9 9 9 7 7 7 8 8 8 8 8 8 8 8 8 8 8 10 10 10 10 10 10 10 10 10 10 10 10 10 10 10 10 10 10 10 10 10 10 10 10 10 8 8 8 8 8 8 8 8 8 8 8 5 9 9 9 9 9 9 9 9 9 7 7 7 7 7 7 7 7 7 7 7 7 7 7 7 3 3 3 3 3 3 3 3 3 3 3 3 3 3 -23 -23 -23 -23 -23 -23 -23 -23 -23 -23 x x x x x x x x x x x x x x x x x -28 -28 -28 -28 -28 -28 -28 -28 -28 -28 -28 -28 1 1 1 1 1 1 1 1 1 3 3 3 3 6 6 6 8 8 8 8 8 8 8 8 8 8 8 8 8 8 8 8 8 8 8 8 8 8 8 8 9 9 9 9 9 9 9 9 9 9 9 9 9 9 9 9 9 9 19 6 6 6 6 6 5 5 10 10 10 10 10 10 10 10 4 4 29 29 29 8 8 8 8 8 8 8 8 8 8 8 8 8 8 8 8 7 7 7 7 7 7 7 7 7 10 10 10 7 7 7 7 7 7 7 7 7 8 8 8 8 9 9 9 9 9 9 9 9 9 9 9 9 9 9 9 9 9 9 9 9 9 9 9 9 9 9 9 9 9 9 9 9 9 9 9 9 9 9 9 9 9 9 9 9 9 9 9 9 9 9 9 9 7 1 1 1 1 1 1 1 1 1 1 1 1 1 1 -22 -22 -22 -22 -22 -22 -22 -22 -22 -25 -25 -25 -25 -25 -25 -25 x x x x x x x x x x x x x x x x -27 -27 -27 -27 -27 -27 -27 -27 -23 -23 -12 -12 -12 -12 -12 -12 -12 -12 -12 6 6 6 6 6 6 6 6 6 6 6 6 6 6 6 6 6 6 8 8 8 8 8 8 8 3 3 6 6 6 6 6 6 6 6 6 6 6 6 6 6 6 6 6 6 6 6 -25 -25 -25 -25 -25 -25 -25 -25 -25 -25 -25 -25 -25 -25 -25 x x x x x x x x x x
-26 -26 -26 -26 -26 -26 -26 -26 -22 -22 -22 -22 -22 -22 5 5 5 5 5 5 5 5 5 5 5 9 9 9 9 9 9 9 9 9 9 9 9 9 9 9 9 9 9 9 9 9 9 7 7 7 7 8 8 8 8 8 8 8 8 8 8 8 8 10 10 10 10 10 10 10 10 10 10 10 10 10 10 10 10 10 10 10 10 10 10 10 10 8 8 8 8 8 8 8 8 8 9 9 9 9 9 9 9 9 9 9 9 9 7 7 7 7 7 7 7 7 7 7 7 7 7 7 7 7 4 3 3 3 3 3 3 3 3 3 3 3 3 -23 -23 -23 -23 -23 -23 -23 -23 -23 -23 x x x x x x x x x x x x x x x x x x -28 -23 -23 -23 -23 -23 -23 -23 -28 -28 -28 1 1 1 1 1 1 1 1 1 3 3 3 3 3 6 8 8 8 8 8 8 8 8 8 8 8 8 8 8 8 8 8 8 8 8 8 8 8 8 8 9 9 9 9 9 9 9 9 9 9 9 9 9 9 9 9 9 9 9 6 6 6 6 6 6 6 10 10 10 10 10 10 10 10 10 10 4 8 8 8 8 8 8 8 8 8 8 8 8 8 8 8 8 8 8 8 7 7 7 7 7 7 7 7 10 10 10 10 10 7 7 7 7 7 7 7 7 8 8 8 8 9 9 9 9 9 9 9 9 9 9 9 9 9 9 9 9 9 9 9 9 9 9 9 9 9 9 9 9 9 9 9 9 9 9 9 9 9 9 9 9 9 9 9 9 9 9 9 9 9 9 1 1 1 1 1 1 1 1 1 1 1 1 1 1 1 1 1 -22 -22 -22 -22 -22 -22 -22 -25 -25 -25 -25 -25 -25 -25 -25 -25 x x x x x x x x x x x x x x -27 -27 -27 -27 -27 -27 -27 -27 -27 -23 -12 -12 -12 -12 -12 -12 -12 -12 -12 -12 6 6 6 6 6 6 6 6 6 6 6 6 6 6 6 6 6 8 8 8 8 8 8 8 8 8 8 6 6 6 6 6 6 6 6 6 6 6 6 6 6 6 6 6 6 6 6 6 -25 -25 -25 -25 -25 -25 -25 -25 -25 -25 -25 -25 -25 -25 x x x x x x x x x x
-26 -26 -26 -26 -26 -26 -26 -22 -22 -22 -22 -22 -22 -22 5 5 5 5 5 5 5 5 5 5 5 5 5 9 9 9 9 9 9 9 9 9 9 9 9 9 9 9 9 9 9 9 7 7 7 7 7 7 8 8 8 8 8 8 8 8 8 8 8 8 10 10 10 10 10 10 10 10 10 10 10 10 10 10 10 10 10 10 10 10 10 10 8 8 8 8 8 8 8 8 9 9 9 9 9 9 9 9 9 9 9 9 9 9 9 7 7 7 7 7 7 7 7 7 7 7 7 7 7 7 4 4 4 4 3 3 3 3 3 3 3 3 3 -23 -23 -23 -23 -23 -23 -23 -23 -23 -23 x x x x x x x x x x x x x x x x x x -23 -23 -23 -23 -23 -23 -23 -23 -23 -23 1 1 1 1 1 1 1 1 1 3 3 3 3 3 3 8 8 8 8 8 8 8 8 8 8 8 8 8 8 8 8 8 8 8 8 8 8 8 8 8 8 9 9 9 9 9 9 9 9 9 9 9 9 9 9 9 9 9 9 9 6 6 6 6 6 6 6 10 10 10 10 10 10 10 10 10 10 10 10 10 8 8 8 8 8 8 8 8 8 8 8 8 8 8 8 8 8 7 7 7 7 7 7 7 7 10 10 10 10 10 10 10 10 7 7 7 7 7 8 8 8 8 8 8 9 9 9 9 9 9 9 9 9 9 9 9 9 9 9 9 9 9 9 9 9 9 9 9 9 9 9 9 9 9 9 9 9 9 9 9 9 9 9 9 9 9 9 9 9 9 9 1 1 1 1 1 1 1 1 1 1 1 1 1 1 1 1 1 1 -22 -22 -22 -22 -22 -22 -25 -25 -25 -25 -25 -25 -25 -25 -25 -25 -25 -25 x x x x x x x x x x x -27 -27 -27 -27 -27 -27 -27 -27 -27 -27 -27 -12 -12 -12 -12 -12 -12 -12 -12 -12 -12 6 6 6 6 6 6 6 6 6 6 6 6 6 6 6 6 6 8 8 8 8 8 8 8 8 8 8 8 8 6 6 6 6 6 6 6 6 6 6 6 6 6 6 6 6 6 6 6 6 -25 -25 -25 -25 -25 -25 -25 -25 -25 -25 -25 -25 -25 -25 x x x x x x x x x
x x -26 -26 -26 -26 -22 -22 -22 -22 -22 -22 -22 -22 5 5 5 5 5 5 5 5 5 5 5 5 5 5 9 9 9 9 9 9 9 9 9 9 9 9 9 9 9 9 9 7 7 7 7 7 7 7 8 8 8 8 8 8 8 8 8 8 8 8 8 10 10 10 10 10 10 10 10 10 10 10 10 10 10 10 10 10 10 10 10 8 8 8 8 8 8 8 9 9 9 9 9 9 9 9 9 9 9 9 9 9 9 9 9 7 7 7 7 7 7 7 7 7 7 7 7 7 7 7 4 4 4 4 4 4 4 3 3 3 3 3 -23 -23 -23 -23 -23 -23 -23 -23 -23 -23 -23 x x x x x x x x x x x x x x x x x x -23 -23 -23 -23 -23 -23 -23 -23 -23 -23 1 1 1 1 1 1 1 1 3 3 3 3 3 3 8 8 8 8 8 8 8 8 8 8 8 8 8 8 8 8 8 8 8 8 8 8 8 8 8 8 8 8 9 9 9 9 9 9 9 9 9 9 9 9 9 9 9 9 9 9 9 6 6 6 6 6 10 10 10 10 10 10 10 10 10 10 10 10 10 10 10 10 8 8 8 8 8 8 8 8 8 8 8 8 8 8 8 7 7 7 7 7 7 7 10 10 10 10 10 10 10 10 10 10 10 7 7 7 7 8 8 8 8 8 8 9 9 9 9 9 9 9 9 9 9 9 9 9 9 9 9 9 9 9 9 9 9 9 9 9 9 9 9 9 9 9 9 9 9 9 9 9 9 9 9 9 9 9 9 9 1 1 1 1 1 1 1 1 1 1 1 1 1 1 1 1 1 1 1 1 -22 -22 -22 -27 -25 -25 -25 -25 -25 -25 -25 -25 -25 -25 -25 -25 -25 -25 x x x x x x x x x -27 -27 -27 -27 -27 -27 -27 -27 -27 -27 -27 -27 -12 -12 -12 -12 -12 -12 -12 -12 -12 -12 6 6 6 6 6 6 6 6 6 6 6 6 6 6 6 6 8 8 8 8 8 8 8 8 8 8 8 8 8 8 8 6 6 6 6 6 6 6 6 6 6 6 6 6 6 6 6 6 -25 -25 -25 -25 -25 -25 -25 -25 -25 -25 -25 -25 -25 x x x x x x x x x x x
x x x -26 -22 -22 -22 -22 -22 -22 -22 -22 -22 -22 5 5 5 5 5 5 5 5 5 5 5 5 5 5 5 9 9 9 9 9 9 9 9 9 9 9 9 9 9 9 7 7 7 7 7 7 7 7 8 8 8 8 8 8 8 8 8 8 8 8 8 6 6 10 10 10 10 10 10 10 10 10 10 10 10 10 10 10 10 10 8 8 8 8 8 8 9 9 9 9 9 9 9 9 9 9 9 9 9 9 9 9 9 9 9 9 7 7 7 7 7 7 7 7 7 7 7 7 7 7 4 4 4 4 4 4 4 4 4 4 3 3 -23 -23 -23 -23 -23 -23 -23 -23 -23 -23 -23 x x x x x x x x x x x x x x x x x x -23 -23 -23 -23 -23 -23 -23 -23 -23 -23 1 1 1 1 1 1 1 3 3 3 3 3 3 8 8 8 8 8 8 8 8 8 8 8 8 8 8 8 8 8 8 8 8 8 8 8 8 8 8 8 8 9 9 9 9 9 9 9 9 9 9 9 9 9 9 9 9 9 9 9 9 6 6 6 6 6 10 10 10 10 10 10 10 10 10 10 10 10 10 10 10 10 10 10 10 8 8 8 8 8 8 8 8 8 8 8 8 7 7 7 7 7 7 7 10 10 10 10 10 10 10 10 10 10 10 10 10 10 7 8 8 8 8 8 8 8 9 9 9 9 9 9 9 9 9 9 9 9 9 9 9 9 9 9 9 9 9 9 9 9 9 9 9 9 9 9 9 9 9 9 9 9 9 9 9 9 9 9 9 9 1 1 1 1 1 1 1 1 1 1 1 1 1 1 1 1 1 1 1 1 -22 -22 -27 -25 -25 -25 -25 -25 -25 -25 -25 -25 -25 -25 -25 -25 -25 -25 -25 x x x x x x x -27 -27 -27 -27 -27 -27 -27 -27 -27 -27 -27 -27 -27 -12 -12 -12 -12 -12 -12 -12 -12 -12 6 6 6 6 6 6 6 6 6 6 6 6 6 6 6 6 6 8 8 8 8 8 8 8 8 8 8 8 8 8 8 8 8 6 6 6 6 6 6 6 6 6 6 6 6 6 6 6 6 -25 -25 -25 -25 -25 -25 -25 -25 -25 -25 -25 x x x x x x x x x x x x x
x x x -22 -22 -22 -22 -22 -22 -22 -22 -22 -22 5 5 5 5 5 5 5 5 5 5 5 5 5 5 5 5 5 9 9 9 9 9 9 9 9 9 9 9 9 9 7 7 7 7 7 7 7 7 7 7 8 8 8 8 8 8 8 8 8 6 6 6 6 7 7 10 10 10 10 10 10 10 10 10 10 10 10 10 10 10 8 8 8 8 8 9 9 9 9 9 9 9 9 9 9 9 9 9 9 9 9 9 9 9 9 9 9 7 7 7 7 7 7 7 7 7 7 7 7 7 7 7 4 4 4 4 4 4 4 4 4 4 4 4 -23 -23 -23 -23 -23 -23 -23 -23 -23 -23 x x x x x x x x x x x x x x x x x x -23 -23 -23 -23 -23 -23 -23 -23 -23 -23 -23 1 1 1 1 1 3 3 3 3 3 3 8 8 8 8 8 8 8 8 8 8 8 8 8 8 8 8 8 8 8 8 8 8 8 8 8 8 8 8 8 9 9 9 9 9 9 9 9 9 9 9 9 9 9 9 9 9 9 9 9 6 6 6 6 10 10 10 10 10 10 10 10 10 10 10 10 10 10 10 10 10 10 10 10 10 10 8 8 8 8 8 8 8 8 8 8 7 7 7 7 7 7 10 10 10 10 10 10 10 10 10 10 10 10 10 10 10 10 10 8 8 8 8 8 8 8 9 9 9 9 9 9 9 9 9 9 9 9 9 9 9 9 9 9 7 9 9 9 9 9 9 9 9 9 9 9 9 9 9 9 9 9 9 9 9 9 9 9 1 1 1 1 1 1 1 1 1 1 1 1 1 1 1 1 1 1 -22 -22 -22 -22 -27 -25 -25 -25 -25 -25 -25 -25 -25 -25 -25 -25 -25 -25 -25 -25 -25 -25 -25 x x x x x x -27 -27 -27 -27 -27 -27 -27 -27 -27 -27 -27 -27 -27 -12 -12 -12 -12 -12 -12 -12 -12 -12 6 6 6 6 6 6 6 6 6 6 6 6 6 6 6 6 8 8 8 8 8 8 8 8 8 8 8 8 8 8 8 8 8 8 8 6 6 6 6 6 6 6 6 6 6 6 6 6 6 -25 -25 -25 -25 -25 -25 -25 -25 -25 -27 -27 x x x x x x x x x x x x x
x x -22 -22 -22 -22 -22 -22 -22 -22 -22 -22 -22 -22 -22 -22 -22 -22 -22 -22 -22 -27 -27 -27 -27 -27 5 5 5 5 5 9 9 9 9 9 9 9 9 9 9 9 7 7 7 7 7 7 7 7 7 7 7 8 8 8 8 8 8 6 6 6 6 6 6 7 7 7 7 10 10 10 10 10 10 10 10 10 10 10 10 10 10 8 8 8 8 9 9 9 9 9 9 9 9 9 9 9 9 9 9 9 9 9 9 9 9 9 9 9 9 7 7 7 7 7 7 7 7 7 7 7 7 7 7 4 4 4 4 4 4 4 4 4 4 4 4 -23 -23 -23 -23 -23 -23 -23 -23 -23 -23 x x x x x x x x x x x x x x x x x x -23 -23 -23 -23 -23 -23 -23 -23 -23 -23 -23 -23 -23 -23 1 3 3 3 3 3 3 8 8 8 8 8 8 8 8 8 8 8 8 8 8 8 8 8 8 8 8 8 8 8 8 8 8 8 8 8 8 9 9 9 9 9 9 9 9 9 9 9 9 9 9 9 9 9 9 9 9 6 6 6 6 10 10 10 10 10 10 10 10 10 10 10 10 10 10 10 10 10 10 10 10 10 10 10 10 8 8 8 8 8 8 8 8 7 7 7 7 7 7 10 10 10 10 10 10 10 10 10 10 10 10 10 10 10 10 10 10 10 10 8 8 8 8 8 9 9 9 9 9 9 9 9 9 9 9 9 9 9 9 9 7 7 7 9 9 9 9 9 9 9 9 7 9 9 9 9 9 9 9 9 9 9 9 9 1 1 1 1 1 1 1 1 1 1 1 1 1 1 1 1 1 -22 -22 -22 -22 -27 -27 -25 -25 -25 -25 -25 -25 -25 -25 -25 -25 -25 -25 -25 -25 -25 -25 -25 -25 -25 -25 x x x x -27 -27 -27 -27 -27 -27 -27 -27 -27 -27 -27 -27 -27 -12 -12 -12 -12 -12 -12 -12 -12 -12 -12 -12 6 6 6 6 6 6 6 6 6 6 6 6 6 6 8 8 8 8 8 8 8 8 8 8 8 8 8 8 8 8 8 8 8 8 8 6 6 6 6 6 6 6 6 6 6 6 6 6 -25 -25 -25 -25 -25 -25 -25 -27 -27 -27 -27 x x x x x x x x x x x x x
x -22 -22 -22 -22 -22 -22 -22 -22 -22 -22 -22 -22 -22 -22 -22 -22 -22 -22 -22 -22 -22 -27 -27 -27 -27 -27 -14 -14 -14 -14 -14 9 9 9 9 9 9 9 9 9 -14 7 7 7 7 7 7 7 7 7 7 7 8 8 8 6 6 6 6 6 6 6 6 7 7 7 7 7 7 10 10 10 10 10 10 10 10 10 10 10 10 7 8 8 8 8 9 9 9 9 9 9 9 9 9 9 9 9 9 9 9 9 9 9 9 9 9 9 9 9 7 7 7 7 7 7 7 7 7 7 7 7 7 7 4 4 4 4 4 4 4 4 4 4 4 4 -23 -23 -23 -23 -23 -23 -23 -23 -23 -23 x x x x x x x x x x x x x x x x x x -23 -23 -23 -23 -23 -23 -23 -23 -23 -23 -23 -23 -23 -23 3 3 3 3 3 3 8 8 8 8 8 8 8 8 8 8 8 8 8 8 8 8 8 8 8 8 8 8 8 8 8 8 8 8 8 8 9 9 9 9 9 9 9 9 9 9 9 9 9 9 9 9 9 9 9 9 6 6 6 6 10 10 10 10 10 10 10 10 10 10 10 10 10 10 10 10 10 10 10 10 10 10 10 10 8 8 8 8 8 8 8 8 8 7 7 7 7 7 7 10 10 10 10 10 10 10 10 10 10 10 10 10 10 10 10 10 10 10 10 8 8 8 8 8 8 9 9 9 9 9 9 9 9 9 9 9 9 9 9 7 7 7 7 7 9 9 9 9 9 9 9 7 7 9 9 9 9 9 9 9 9 9 9 1 1 1 1 1 1 1 1 1 1 1 1 1 1 1 1 -22 -22 -22 -22 -22 -27 -27 -25 -25 -25 -25 -25 -25 -25 -25 -25 -25 -25 -23 -25 -25 -25 -25 -25 -25 -25 -25 -25 -25 -25 x -27 -27 -27 -27 -27 -27 -27 -27 -27 -27 -27 -27 -27 -27 -12 -12 -12 -12 -12 -12 -12 -12 -12 -12 -12 6 6 6 6 6 6 6 6 6 6 6 6 6 6 8 8 8 8 8 8 8 8 8 8 8 8 8 8 8 8 8 8 8 8 6 6 6 6 6 6 6 6 6 6 6 6 6 6 -25 -25 -25 -25 -27 -27 -27 -27 -27 -27 -27 x x x x x x x x x x x x x
-22 -22 -22 -22 -22 -22 -22 -22 -22 -22 -22 -22 -22 -22 -22 -22 -22 -22 -22 -22 -22 -22 -22 -27 -27 -27 -27 -14 -14 -14 -14 -14 -14 9 9 9 9 9 9 9 -14 6 7 7 7 7 7 7 6 6 6 6 6 6 6 6 6 6 6 6 6 6 6 7 7 7 7 7 7 7 7 7 10 10 10 10 10 10 10 10 10 7 7 7 7 8 8 8 9 9 9 9 9 9 9 9 9 9 9 9 9 9 9 9 9 9 9 9 9 9 9 7 7 7 7 7 7 7 7 7 7 4 4 4 4 5 4 4 4 4 4 4 4 4 4 4 -23 -23 -23 -23 -23 -23 -23 -23 -23 -23 -23 -23 x x x x x x x x x x x x x x x x x -23 -23 -23 -23 -23 -23 -23 -23 -23 -23 -23 -23 -23 3 3 3 3 3 3 8 8 8 8 8 8 8 8 8 8 8 8 8 8 8 8 8 8 8 8 8 8 8 8 8 8 8 8 8 8 8 9 9 9 9 9 9 9 9 9 9 9 9 9 9 9 9 9 9 9 9 6 6 6 6 10 10 10 10 10 10 10 10 10 10 10 10 10 10 10 10 10 10 10 10 10 10 10 10 8 8 8 8 8 8 8 8 8 7 7 7 7 7 10 10 10 10 10 10 10 10 10 10 10 10 10 10 10 10 10 10 10 10 10 8 8 8 8 8 7 7 9 9 9 9 9 9 9 9 9 9 9 9 7 7 7 7 7 7 7 7 9 9 9 9 7 7 7 7 9 9 9 9 9 9 9 9 -15 -15 1 1 1 1 1 1 1 1 1 1 1 1 -27 -27 -22 -22 -22 -22 -22 -27 -27 -27 -25 -25 -25 -25 -25 -25 -25 -25 -25 -25 -23 -23 -23 -25 -25 -25 -25 -25 -25 -25 -25 -25 -25 -25 -27 -27 -27 -27 -27 -27 -27 -27 -27 -27 -27 -27 -27 -27 -12 -12 -12 -12 -12 -12 -12 -12 -12 -12 -12 6 6 6 6 6 6 6 6 6 6 6 6 6 8 8 8 8 8 8 8 8 8 8 8 8 8 8 8 8 8 8 8 8 8 6 6 6 6 6 6 6 6 6 6 6 6 6 6 -25 -25 -27 -27 -27 -27 -27 -27 -27 -27 -27 x x x x x x x x x x x x x
-22 -22 -22 -22 -22 -22 -22 -22 -22 -22 -22 -22 -22 -22 -22 -22 -22 -22 -22 -22 -22 -22 -22 -22 -27 -27 -14 -14 -14 -14 -14 -14 -14 -14 9 9 9 9 9 -14 -14 6 7 6 6 6 6 6 6 6 6 6 6 6 6 6 6 6 6 6 6 6 7 7 7 7 7 7 7 7 7 7 7 10 10 10 10 10 10 10 7 7 7 7 7 7 7 8 9 9 9 9 9 9 9 9 9 9 9 9 9 9 9 9 9 9 9 9 9 9 9 9 7 7 7 7 7 4 4 4 4 4 4 4 5 5 5 4 4 4 4 4 4 4 4 4 -23 -23 -23 -23 -23 -23 -23 -23 -23 -23 -23 -23 x x x x x x x x x x x x x x x x x -23 -23 -23 -23 -23 -23 -23 -23 -23 -22 -23 -23 3 3 3 3 3 3 3 8 8 8 8 8 8 8 8 8 8 8 8 8 8 8 8 8 8 8 8 8 8 8 8 8 8 8 8 8 8 8 9 9 9 9 9 9 9 9 9 9 9 9 9 9 9 9 9 9 9 9 6 6 6 6 10 10 10 10 10 10 10 10 10 10 10 10 10 10 10 10 10 10 10 10 10 10 10 10 6 6 6 6 6 6 6 6 7 7 7 7 7 7 10 10 10 10 10 10 10 10 10 10 10 10 10 10 10 10 10 10 10 10 8 8 8 8 7 7 7 7 7 9 9 9 9 9 9 9 9 9 9 8 7 7 7 7 7 7 7 7 7 9 9 7 7 7 7 7 7 9 9 9 9 9 9 -15 -15 -15 1 1 1 1 1 1 1 1 1 1 -27 -27 -27 -27 -27 -22 -22 -27 -27 -27 -27 -25 -25 -25 -25 -25 -25 -25 -25 -25 -25 -23 -23 -23 -23 -25 -25 -25 -25 -25 -25 -25 -25 -25 -25 -25 -27 -27 -27 -27 -27 -27 -27 -27 -27 -27 -27 -27 -27 -27 -12 -12 -12 -12 -12 -12 -12 -12 -12 -12 4 -12 6 6 6 6 6 8 8 6 6 6 6 6 8 8 8 8 8 8 8 8 8 8 8 8 8 8 8 8 8 8 8 8 6 6 6 6 6 6 6 6 6 6 6 6 6 6 -25 -27 -27 -27 -27 -27 -27 -27 -27 -27 -27 -27 x x x x x x x x x x x x x
-22 -22 -22 -22 -22 -22 -22 -22 -22 -22 -22 -22 -22 -22 -22 -22 -22 -22 -22 -22 -22 -22 -22 -22 -27 -14 -14 -14 -14 -14 -14 -14 -14 -14 -14 9 9 9 -14 -14 6 6 6 6 6 6 6 6 6 6 6 6 6 6 6 6 6 6 6 6 6 7 7 7 7 7 7 7 7 7 7 7 7 7 10 10 10 10 10 7 7 7 7 7 7 7 7 7 7 9 9 9 9 9 9 9 9 9 9 9 9 9 9 9 9 9 9 9 9 9 9 9 7 4 4 4 4 4 4 4 4 4 5 5 5 5 5 5 4 4 4 4 4 4 4 4 -23 -23 -23 -23 -23 -23 -23 -23 -23 -23 -23 -23 x x x x x x x x x x x x x x x x x -23 -23 -23 -23 -23 -23 -23 -23 -22 -22 -22 3 3 3 3 3 3 3 3 3 8 8 8 8 8 8 8 8 8 8 8 8 8 8 8 8 8 8 8 8 8 8 8 8 8 8 8 8 8 9 9 9 9 9 9 9 9 9 9 9 9 9 9 9 9 9 9 9 9 6 6 6 6 10 10 10 10 10 10 10 10 10 10 10 10 10 10 10 10 10 10 10 10 10 10 10 10 6 6 6 6 6 6 6 6 6 6 7 7 7 7 10 10 10 10 10 10 10 10 10 10 10 10 10 10 10 10 10 10 10 10 10 8 8 8 7 7 7 7 7 7 7 9 9 9 9 9 9 9 9 8 8 7 7 7 7 7 7 7 7 7 7 7 7 7 7 7 7 7 7 7 9 9 9 9 -15 -15 -15 1 1 1 1 1 1 1 1 -27 -27 -27 -27 -27 -27 -27 -22 -27 -27 -27 -27 -25 -25 -25 -25 -25 -25 -25 -25 -25 -25 -23 -23 -23 -23 -23 -23 -25 -25 -25 -25 -25 -25 -25 -25 -25 -27 -27 -27 -27 -27 -27 -27 -27 -27 -27 -27 -27 -27 -27 -27 -12 -12 -12 -12 -12 -12 -12 -12 -12 4 4 4 6 6 6 6 8 8 8 8 6 6 6 8 8 8 8 8 8 8 8 8 8 8 8 8 8 8 8 8 8 8 8 6 6 6 6 6 6 6 6 6 6 6 6 6 6 6 -27 -27 -27 -27 -27 -27 -27 -27 -27 -27 -27 -27 x x x x x x x x x x x x x
-22 -22 -22 -22 -22 -22 -22 -22 -22 -22 -22 -22 -22 -22 -22 -22 -22 -22 -22 -22 -22 -22 -22 -22 -14 -14 -14 -14 -14 -14 -14 -14 -14 -14 -14 -14 9 -14 -14 -14 6 6 6 6 6 6 6 6 6 6 6 6 6 6 6 6 6 6 6 6 7 7 7 7 7 7 7 7 7 7 7 7 7 7 7 10 10 10 10 7 7 7 7 7 7 7 7 7 7 9 9 9 9 9 9 9 9 9 9 9 9 9 9 9 9 9 9 9 9 9 9 9 9 4 4 4 4 4 4 4 4 5 5 5 5 5 5 5 4 4 4 4 4 4 4 -23 -23 -23 -23 -23 -23 -23 -23 -23 -23 -23 -23 -23 x x x x x x x x x x x x x x x x x -23 -23 -23 -23 -23 -23 -23 -22 -22 -22 -22 3 3 3 3 3 3 3 3 3 5 8 8 8 8 8 8 8 8 8 8 8 8 8 8 8 8 8 8 8 8 8 8 8 8 8 8 8 8 9 9 9 9 9 9 9 9 9 9 9 9 9 9 9 9 9 9 9 9 6 6 6 6 10 10 10 10 10 10 10 10 10 10 10 10 10 10 10 10 10 10 10 10 10 10 10 10 6 6 6 6 6 6 6 6 6 6 6 7 7 7 10 10 10 10 10 10 10 10 10 10 10 10 10 10 10 10 10 10 10 10 10 7 7 7 7 7 7 7 7 7 7 7 9 9 9 9 9 9 8 8 8 8 7 7 7 7 7 7 7 7 7 7 7 7 7 7 7 7 7 7 -15 9 9 -15 -15 -15 -15 -15 1 1 1 1 -27 -27 -27 -27 -27 -27 -27 -27 -27 -27 -27 -27 -27 -27 -25 -25 -25 -25 -25 -25 -25 -25 -25 -23 -23 -23 -23 -23 -23 -23 -23 -23 -25 -25 -24 -24 -25 -25 -25 x x -27 -27 -27 -27 -27 -27 -27 -27 -27 -27 -27 -27 -27 -12 -12 -12 -12 -12 -12 -12 -12 -12 4 4 4 4 6 6 6 6 8 8 8 8 8 8 6 8 8 8 8 8 8 8 8 8 8 8 8 8 8 8 8 8 8 8 8 6 6 6 6 6 6 6 6 6 6 6 6 6 6 6 -26 -26 -27 -27 -27 -27 -27 -27 -27 -27 -27 -27 x x x x x x x x x x x x x
-22 -22 -22 -22 -22 -22 -22 -22 -22 -22 -22 -22 -22 -22 -22 -22 -22 -22 -22 -22 -22 -22 -22 -22 -14 -14 -14 -14 -14 -14 -14 -14 -14 -14 -14 -14 -14 -14 -14 6 6 6 6 6 6 6 6 6 6 6 6 6 6 6 6 6 6 6 6 6 7 7 7 7 7 7 7 7 7 7 7 7 7 7 7 7 7 10 7 7 7 7 7 7 7 7 7 7 6 6 9 9 9 9 9 9 9 9 9 9 9 9 9 9 9 9 9 9 9 9 9 9 9 4 5 5 5 5 5 5 5 5 5 5 5 5 5 5 5 4 4 4 4 4 4 -23 -23 -23 -23 -23 -23 -23 -23 -23 -23 -23 -23 -23 x x x x x x x x x x x x x x x x x -23 -23 -23 -23 -23 -23 -22 -22 -22 -22 3 3 3 3 3 3 3 3 3 5 5 5 8 8 8 8 8 8 8 8 8 8 8 8 8 8 8 8 8 8 8 8 8 8 8 8 8 8 8 9 9 9 9 9 9 9 9 9 9 9 9 9 9 9 9 9 9 9 6 6 6 6 10 10 10 10 10 10 10 10 10 10 10 10 10 10 10 10 10 10 10 10 10 10 10 10 6 6 6 6 6 6 6 6 6 6 6 6 6 7 6 10 10 10 10 10 10 10 10 10 10 10 10 10 10 10 10 10 10 10 10 7 7 7 7 7 7 7 7 7 7 7 8 8 9 9 9 9 8 8 8 8 8 7 7 7 7 7 7 7 7 7 7 7 7 7 7 7 7 7 -15 -15 -15 -15 -15 -15 -15 -15 -15 1 1 -27 -27 -27 -27 -27 -27 -27 -27 -27 -27 -27 -27 -27 -27 -27 -25 -25 -25 -25 -25 -25 -25 -25 -25 -23 -23 -23 -23 -23 -23 -23 -23 -23 -23 -23 -24 -24 -24 -24 -24 x x x x -27 -27 -27 -27 -27 -27 -27 -27 -27 -27 -14 -14 -12 -12 -12 -12 -12 -12 -12 -12 4 4 4 4 4 6 6 6 8 8 8 8 8 8 8 8 8 8 8 8 8 8 8 8 8 8 8 8 8 8 8 8 8 8 8 6 6 6 6 6 6 6 6 6 6 6 6 6 6 6 6 -26 -26 -26 -26 -26 -26 -26 -27 -27 -27 -27 -27 x x x x x x x x x x x x x
-22 -22 -22 -22 -22 -22 -22 -22 -22 -22 -22 -22 -22 -22 -22 -22 -22 -22 -22 -22 -22 -22 -22 -22 -22 -27 -14 -14 -14 -14 -14 -14 -14 -14 -14 -14 -14 -14 -14 6 6 6 6 6 6 6 6 6 6 6 6 6 6 6 6 6 6 6 6 6 6 7 7 7 7 7 7 7 7 7 7 7 7 7 7 7 7 7 7 7 7 7 7 7 7 7 7 6 6 6 9 9 9 9 9 9 9 9 9 9 9 9 9 9 9 9 9 9 9 9 9 9 9 9 5 5 5 5 5 5 5 5 5 5 5 5 5 5 5 5 4 4 4 4 4 -23 -23 -23 -23 -23 -23 -23 -23 -23 -23 -23 -23 -23 -23 x x x x x x x x x x x x x x x x -23 -23 -23 -23 -23 -22 -22 -22 -22 3 3 3 3 3 3 3 3 3 5 5 5 5 5 8 8 8 8 8 8 8 8 8 8 8 8 8 8 8 8 8 8 8 8 8 8 8 8 8 9 9 9 9 9 9 9 9 9 9 9 9 9 9 9 9 9 9 9 9 6 6 6 6 10 10 10 10 10 10 10 10 10 10 10 10 10 10 10 10 10 10 10 10 10 10 10 10 6 6 6 6 6 6 6 6 6 6 6 6 6 6 10 10 10 10 10 10 10 10 10 10 10 10 10 10 10 10 10 10 10 10 10 7 7 7 7 7 7 7 7 7 8 8 8 8 8 8 9 9 8 8 8 8 8 8 7 7 7 7 7 7 7 7 7 7 7 7 7 7 7 -15 -15 -15 -15 -15 -15 -15 -15 -15 -15 -15 -15 -27 -27 -27 -27 -27 -27 -27 -27 -27 -27 -27 -27 -27 -27 -27 -25 -25 -25 -25 -25 -25 -25 -25 -23 -23 -23 -23 -23 -23 -23 -23 -23 -23 -23 -23 -23 -24 -24 -24 -24 -24 -24 x x x -27 -27 -27 -27 -27 -27 -27 -14 -14 -14 -14 -12 -12 -12 -12 -12 -12 -12 4 4 4 4 4 4 6 6 8 8 8 8 8 8 8 8 8 8 8 8 8 8 8 8 8 8 8 8 8 8 8 8 8 8 8 8 6 6 6 6 6 6 6 6 6 6 6 6 6 6 6 6 -26 -26 -26 -26 -26 -26 -26 -26 -26 -26 -26 -26 x x x x x x x x x x x x x
-22 -22 -22 -22 -22 -22 -22 -22 -22 -22 -22 -22 -22 -22 -22 -22 -22 -22 -22 -22 -22 -22 -22 -27 -27 -27 -27 -14 -14 -14 -14 -14 -14 -14 -14 -14 -14 -14 -14 6 6 6 6 6 6 6 6 6 6 6 6 6 6 6 6 6 6 6 6 6 6 6 7 7 7 7 7 7 7 7 7 7 7 7 7 7 7 7 7 7 7 7 7 7 7 7 6 6 6 6 6 9 9 9 9 9 9 9 9 9 9 9 9 9 9 9 9 9 9 9 9 9 9 9 5 5 5 5 5 5 5 5 5 5 5 5 5 5 5 5 5 4 4 4 -23 -23 -23 -23 -23 -23 -23 -23 -23 -23 -23 -23 -23 -23 -23 x x x x x x x x x x x x x x x -23 -23 -23 -23 -23 -23 -22 -22 -22 -22 -22 3 3 3 3 3 3 5 5 5 5 5 5 5 5 8 8 8 8 8 8 8 8 8 8 8 8 8 8 8 8 8 8 8 8 8 8 8 8 9 9 9 9 9 9 9 9 9 9 9 9 9 9 9 9 9 9 9 9 6 6 6 6 10 10 10 10 10 10 10 10 10 10 10 10 10 10 10 10 10 10 10 10 10 10 10 10 6 6 6 6 6 6 6 6 6 6 6 6 6 6 10 10 10 10 10 10 10 10 10 10 10 10 10 10 10 10 10 10 10 10 7 7 7 7 7 7 7 7 8 8 8 8 8 8 8 8 8 8 8 8 8 8 8 8 7 7 7 7 7 7 7 7 7 7 7 7 7 7 7 -15 -15 -15 -15 -15 -15 -15 -15 -15 -15 -15 -15 -27 -27 -27 -27 -27 -27 -27 -27 -27 -27 -27 -27 -27 -27 -27 -27 -25 -25 -25 -25 -25 -25 -23 -23 -23 -23 -23 -23 -23 -23 -23 -23 -23 -23 -23 -23 -23 -24 -24 -24 -24 -24 -24 -24 x x x -27 -27 -27 -14 -14 -14 -14 -14 -14 -12 -12 -12 -12 -12 -12 4 4 4 4 4 4 4 6 6 8 8 8 8 8 8 8 8 8 8 8 8 8 8 8 8 8 8 8 8 8 8 8 8 8 8 8 8 8 8 6 6 6 6 6 6 6 6 6 6 6 6 6 -26 -26 -26 -26 -26 -26 -26 -26 -26 -26 -26 -26 -26 -26 x x x x x x x x x x x x
x -22 -22 -22 -22 -22 -22 -22 -22 -22 -22 -22 -22 -22 -22 -22 -22 -22 -22 -22 -22 -22 -27 -27 -27 -27 -27 -27 -14 -14 -14 -14 -14 -14 -14 -14 -14 -14 6 6 6 6 6 6 6 6 6 6 6 6 6 6 6 6 6 6 6 6 6 6 6 6 6 7 7 7 7 7 7 7 7 7 7 7 7 7 7 7 7 7 7 7 7 7 7 6 6 6 6 6 6 9 9 9 9 9 9 9 9 9 9 9 9 9 9 9 9 9 9 9 9 9 9 9 5 5 5 5 5 5 5 5 5 5 5 5 5 5 5 5 5 5 4 4 -23 -23 -23 -23 -23 -23 -23 -23 -23 -23 -23 -23 -23 -23 -23 x x x x x x x x x x x x x x x -23 -23 -23 -23 -23 -22 -22 -22 -22 -22 -22 -22 3 3 3 3 5 5 5 5 5 5 5 5 5 5 8 8 8 8 8 8 8 8 8 8 8 8 8 8 8 8 8 8 8 8 8 8 8 9 9 9 9 9 9 9 9 9 9 9 9 9 9 9 9 9 9 9 6 6 6 6 10 10 10 10 10 10 10 10 10 10 10 10 10 10 10 10 10 10 10 10 10 10 10 10 7 6 6 6 6 6 6 6 6 6 6 6 6 6 10 10 10 10 10 10 10 10 10 10 10 10 10 10 10 10 10 10 10 10 10 7 7 7 7 7 7 8 8 8 8 8 8 8 8 8 8 8 8 8 8 8 8 8 8 8 7 7 7 7 7 7 7 7 7 7 7 7 7 -15 -15 -15 -15 -15 -15 -15 -15 -15 -15 -15 -15 -27 -27 -27 -27 -27 -27 -27 -27 -27 -27 -27 -27 -27 -27 -27 -27 -27 -27 -27 -25 -25 -25 -23 -23 -23 -23 -23 -23 -23 -23 -23 -23 -23 -23 -23 -23 -23 -23 -24 -24 -24 -24 -24 -24 -24 -24 x x x -27 -14 -14 -14 -14 -14 -14 -14 -12 -12 -12 -12 -12 4 4 4 4 4 4 4 4 6 8 8 8 8 8 8 8 8 8 8 8 8 8 8 8 8 8 8 8 8 8 8 8 8 8 8 8 8 8 8 8 8 6 6 6 6 6 6 6 6 6 6 6 6 -26 -26 -26 -26 -26 -26 -26 -26 -26 -26 -26 -26 -26 -26 x x x x x x x x x x x x
x x -22 -22 -22 -22 -22 -22 -22 -22 -22 -22 -22 -22 -22 -22 -22 -22 -22 -22 -22 -27 -27 -27 -27 -27 -27 -27 -27 -27 -14 -14 -14 -14 -14 -14 -14 -14 -14 -14 1 6 6 6 6 6 6 6 6 6 6 6 6 6 6 6 6 6 6 6 6 6 6 6 7 7 7 7 7 7 7 7 7 7 7 7 7 7 7 7 7 7 7 7 6 6 6 6 6 6 6 9 9 9 9 9 9 9 9 9 9 9 9 9 9 9 9 9 9 9 9 9 9 9 5 5 5 5 5 5 5 5 5 5 5 5 5 5 5 5 5 5 4 -23 -23 -23 -23 -23 -23 -23 -23 -23 -23 -23 -23 -23 -23 -23 -23 x x x x x x x x x x x x x x x -23 -23 -23 -23 -22 -22 -22 -22 -22 -22 -22 -22 -22 3 3 5 5 5 5 5 5 5 5 5 5 5 5 8 8 8 8 8 8 8 8 8 8 8 8 8 8 8 8 8 8 8 8 8 9 9 9 9 9 9 9 9 9 9 9 9 9 9 9 9 9 9 9 9 6 6 6 6 10 10 10 10 10 10 10 10 10 10 10 10 10 10 10 10 10 10 10 10 10 10 10 10 7 7 7 6 6 6 6 6 6 6 6 6 6 6 6 10 10 10 10 10 10 10 10 10 10 10 10 10 10 10 10 10 10 10 10 7 7 7 7 7 8 8 8 8 8 8 8 8 8 8 8 8 8 8 8 8 8 8 8 8 8 7 7 7 7 7 7 7 7 7 7 7 7 -15 -15 -15 -15 -15 -15 -15 -15 -15 -15 -15 -15 -27 -27 -27 -27 -27 -27 -27 -27 -27 -27 -27 -27 -27 -27 -27 -27 -27 -27 -27 -27 -23 -23 -23 -23 -23 -23 -23 -23 -23 -23 -23 -23 -23 -23 -23 -23 -23 -23 -23 -24 -24 -24 -24 -24 -24 -24 -24 -24 -14 -14 -14 -14 -14 -14 -14 -14 -14 -12 -12 -12 -12 4 4 4 4 4 4 4 4 4 8 8 8 8 8 8 8 8 8 8 8 8 8 8 8 8 8 8 8 8 8 8 8 8 8 8 8 8 8 8 8 8 8 6 6 6 6 6 6 6 6 6 6 6 6 -26 -26 -26 -26 -26 -26 -26 -26 -26 -26 -26 -26 -26 -26 x x x x x x x x x x x x
x x x -22 -22 -22 -22 -22 -22 -22 -22 -22 -22 -22 -22 -22 -22 -22 -22 -22 -27 -27 -27 -27 -27 -27 -27 -27 -27 -27 -27 -14 -14 -14 -14 -14 -14 -14 -14 -14 1 1 1 6 6 6 6 6 6 6 6 6 6 6 6 6 6 6 6 6 6 6 6 6 6 7 7 7 7 7 7 7 7 7 7 7 7 7 7 7 7 7 7 6 6 6 6 6 6 6 9 9 9 9 9 9 9 9 9 9 9 9 9 9 9 9 9 9 9 9 9 9 9 5 5 5 5 5 5 5 5 5 5 5 5 5 5 5 5 5 5 5 5 -23 -23 -23 -23 -23 -23 -23 -23 -23 -23 -23 -23 -23 -23 -23 -23 x x x x x x x x x x x x x x x -23 -23 -23 -22 -22 -22 -22 -22 -22 -22 -22 -22 -22 5 5 5 5 5 5 5 5 5 5 5 5 5 5 5 8 8 8 8 8 8 8 8 8 8 8 8 8 8 8 8 8 8 8 8 9 9 9 9 9 9 9 9 9 9 9 9 9 9 9 9 9 9 9 9 6 6 6 6 6 6 10 10 10 10 10 10 10 10 10 10 10 10 10 10 10 10 10 10 10 10 10 7 7 7 7 6 6 6 6 6 6 6 6 6 6 6 6 6 6 10 10 10 10 10 10 10 10 10 10 10 10 10 10 10 10 10 7 7 7 7 8 8 8 8 8 8 8 8 8 8 8 8 8 8 8 8 8 8 8 8 8 8 8 7 7 7 7 7 7 7 7 7 7 7 4 4 -15 -15 -15 -15 -15 -15 -15 -15 -15 -15 -15 -27 -27 -27 -27 -27 -27 -27 -27 -27 -27 -27 -27 -27 -27 -27 -27 -27 -27 -27 -23 -23 -23 -23 -23 -23 -23 -23 -23 -23 -23 -23 -23 -23 -23 -23 -23 -23 -23 -23 -23 -24 -24 -24 -24 -24 -24 -14 -14 -14 -14 -14 -14 -14 -14 -14 -14 -14 -14 -14 -14 4 4 4 4 4 4 4 4 4 4 8 8 8 8 8 8 8 8 8 8 8 8 8 8 8 8 8 8 8 8 8 8 8 8 8 8 8 8 8 8 8 8 8 6 6 6 6 6 6 6 6 6 6 6 6 -26 -26 -26 -26 -26 -26 -26 -26 -26 -26 -26 -26 -26 x x x x x x x x x x x x x
x x x x -22 -22 -22 -22 -22 -22 -22 -22 -22 -22 -22 -22 -22 -22 -22 -27 -27 -27 -27 -27 -27 -27 -27 -27 -27 -27 -27 -28 -14 -14 -14 -14 -14 -14 -14 1 1 1 1 1 1 6 6 6 6 6 6 6 6 6 6 6 6 6 6 6 6 6 6 6 6 6 7 7 7 7 7 7 7 7 7 7 7 7 7 7 7 7 7 6 6 6 6 6 6 6 9 9 9 9 9 9 9 9 9 9 9 9 9 9 9 9 9 9 9 9 9 9 9 5 5 5 5 5 5 5 5 5 5 5 5 5 5 5 5 5 5 5 5 5 -23 -23 -23 -23 -23 -23 -23 -23 -23 -23 -23 -23 -23 -23 -23 -23 x x x x x x x x x x x x x x -23 -23 -22 -22 -22 -22 -22 -22 -22 -22 -22 -22 5 5 5 5 5 5 5 5 5 5 5 5 5 5 5 5 5 8 8 8 8 8 8 8 8 8 8 8 8 6 8 8 8 8 8 8 8 8 8 9 9 9 9 9 9 9 9 9 9 9 9 9 9 9 9 6 6 6 6 4 4 6 6 7 10 10 10 10 10 10 10 10 10 10 10 10 10 10 10 10 10 10 10 7 7 7 7 6 6 6 6 6 6 6 6 6 6 6 6 6 6 6 6 6 10 10 10 10 10 10 10 10 10 10 10 10 10 10 7 7 8 8 8 8 8 8 8 8 8 8 8 8 8 8 8 8 8 8 8 8 8 8 8 8 8 8 7 7 7 7 7 7 7 7 7 4 4 4 4 -15 -15 -15 -15 -15 -15 -15 -15 -15 -15 -26 -27 -27 -27 -27 -27 -27 -27 -27 -27 -27 -27 -27 -27 -27 -27 -27 -27 -23 -23 -23 -23 -23 -23 -23 -23 -23 -23 -23 -23 -23 -23 -23 -23 -23 -23 -23 -23 -23 -23 -23 -24 -24 -24 -14 -14 -14 -14 -14 -14 -14 -14 -14 -14 -14 -14 -14 -14 -14 4 4 4 4 4 4 4 4 4 4 8 8 8 8 8 8 8 8 8 8 8 8 8 8 8 8 8 8 8 8 8 8 8 8 8 8 8 8 8 8 8 8 8 6 6 6 6 6 6 6 6 6 6 6 6 6 6 -26 -26 -26 -26 -26 -26 -26 -26 -26 -26 -26 -26 x x x x x x x x x x x x x