G_사막	Gs_사막_5536_-2206	1846	-735	104	107	6.5	218,194,141	Sand
G_사막	Gb_사막_6617_-2954	2206	-984	106	107	4.1	70,59,56	Rock
G_사막	Gb_사막_7333_-2209	2445	-736	102	103	10.3	70,59,56	Rock
G_사막	Gs_사막_7667_-2641	2556	-880	96	97	21.5	92,74,66	Basalt
G_사막	Gb_사막_9436_-2933	3146	-977	105	102	5.5	70,59,56	Rock
G_사막	Gb_사막_5536_-2206	1846	-735	100	103	1.8	70,59,56	Rock
G_사막	Gs_사막_5866_-2184	1956	-728	112	109	6.6	222,196,141	Sand
G_사막	Gs_사막_6606_-3105	2202	-1035	117	119	7.2	217,196,150	Sand
G_사막	Gs_사막_7333_-2209	2445	-736	107	107	14.9	220,194,139	Sand
G_사막	Gs_사막_5550_-2060	1850	-687	106	109	6.9	226,205,158	Sand
G_사막	Gs_사막_7933_-2183	2645	-728	113	114	9.9	215,194,145	Sand
G_사막	Gb_사막_10184_-3241	3395	-1080	95	81	1.6	70,59,56	Rock
G_사막	Gs_사막_7204_-1605	2401	-535	114	110	6.2	216,198,157	Sand
G_사막	Gs_사막_6138_-984	2046	-328	95	92	3.2	229,214,176	Sand
G_사막	Gs_사막_8846_-3711	2949	-1237	104	98	3.3	228,212,172	Sand
G_사막	Gs_사막_6449_-2634	2150	-878	113	111	9.8	221,195,139	Sand
G_사막	Gb_사막_7952_-1755	2651	-585	104	106	-1.5	70,59,56	Rock
G_사막	Gb_사막_8410_-2048	2803	-682	104	101	1.6	70,59,56	Rock
G_사막	Gs_사막_9156_-2635	3052	-878	120	120	6.8	222,197,143	Sand
G_사막	Gs_사막_8416_-3843	2805	-1281	98	94	6.0	217,201,163	Sand
G_사막	Gs_사막_9436_-2933	3146	-977	109	106	10.2	216,191,136	Sand
G_사막	Gb_사막_7204_-1605	2401	-535	110	106	1.5	70,59,56	Rock
G_사막	Gb_사막_8859_-2955	2953	-985	97	98	5.4	70,59,56	Rock
G_사막	Gb_사막_6157_-2037	2052	-679	110	107	4.6	70,59,56	Rock
G_사막	Gs_사막_8859_-2955	2953	-985	101	102	10.1	213,188,134	Sand
G_사막	Gb_사막_8416_-3843	2805	-1281	94	90	1.3	70,59,56	Rock
G_사막	Gb_사막_9156_-2635	3052	-878	115	115	2.1	70,59,56	Rock
G_사막	Gb_사막_7361_-3389	2454	-1129	96	96	3.1	70,59,56	Rock
G_사막	Gb_사막_7933_-2183	2645	-728	109	109	5.2	70,59,56	Rock
G_사막	Gb_사막_8394_-2514	2798	-838	75	84	3.7	70,59,56	Rock
G_사막	Gs_사막_6882_-2935	2294	-978	109	107	10.3	223,198,145	Sand
G_사막	Gb_사막_9599_-2947	3200	-982	92	92	8.6	70,59,56	Rock
G_사막	Gs_사막_7361_-3389	2454	-1129	99	100	7.8	224,202,152	Sand
G_사막	Gs_사막_6159_-2190	2053	-730	119	116	9.1	223,197,143	Sand
G_사막	Gb_사막_6449_-2634	2150	-878	109	107	5.1	70,59,56	Rock
G_사막	Gs_사막_6151_-1896	2051	-632	103	104	8.5	223,198,144	Sand
G_사막	Gs_사막_6755_-2668	2252	-889	100	100	11.9	209,184,131	Sand
G_사막	Gs_사막_8252_-2513	2751	-837	83	78	10.2	222,196,140	Sand
G_사막	Gs_사막_8385_-3563	2795	-1188	111	111	12.6	226,208,164	Sand
G_사막	Gb_사막_8252_-2513	2751	-837	80	75	5.6	70,59,56	Rock
G_사막	Gs_사막_9158_-2939	3053	-979	83	88	7.3	222,196,140	Sand
G_사막	Gb_사막_6882_-2935	2294	-978	104	102	5.7	70,59,56	Rock
G_사막	Gb_사막_8385_-3563	2795	-1188	106	107	7.9	70,59,56	Rock
G_사막	Gb_사막_8862_-3252	2954	-1084	79	76	1.7	70,59,56	Rock
G_사막	Gs_사막_9464_-3256	3155	-1085	89	91	16.9	216,192,140	Sand
G_사막	Gb_사막_6590_-3240	2197	-1080	87	95	1.8	70,59,56	Rock
G_사막	Gs_사막_8862_-3252	2954	-1084	82	79	6.4	223,197,143	Sand
G_사막	Gb_사막_9158_-2939	3053	-979	80	85	2.6	70,59,56	Rock
G_사막	Gb_사막_7067_-3705	2356	-1235	92	92	-1.5	70,59,56	Rock
G_사막	Gb_사막_6309_-1884	2103	-628	101	103	5.2	70,59,56	Rock
G_사막	Gs_사막_5845_-2784	1949	-928	90	85	6.2	221,204,162	Sand
G_사막	Gb_사막_9316_-3691	3105	-1230	100	100	-0.9	70,59,56	Rock
G_사막	Gb_사막_5845_-2784	1949	-928	87	82	1.5	70,59,56	Rock
G_사막	Gs_사막_7952_-1755	2651	-585	108	111	3.2	221,205,166	Sand
G_사막	Gs_사막_7360_-2806	2453	-935	107	105	17.2	222,197,142	Sand
G_사막	Gs_사막_6763_-2043	2255	-681	99	95	22.2	91,73,65	Basalt
G_사막	Gb_사막_6286_-3251	2096	-1083	81	72	-1.5	70,59,56	Rock
G_사막	Gs_사막_9163_-3241	3054	-1080	109	110	6.9	222,196,141	Sand
G_사막	Gs_사막_6588_-1298	2196	-433	111	114	6.6	216,195,149	Sand
G_사막	Gb_사막_6310_-2635	2103	-878	93	86	4.2	70,59,56	Rock
G_사막	Gs_사막_5402_-2067	1801	-689	117	113	6.4	226,207,163	Sand
G_사막	Gb_사막_9451_-2809	3151	-936	116	116	2.1	70,59,56	Rock
G_사막	Gb_사막_6588_-1298	2196	-433	107	109	1.9	70,59,56	Rock
G_사막	Gs_사막_10041_-3413	3347	-1137	110	109	3.3	228,213,174	Sand
G_사막	Gb_사막_8246_-2047	2749	-682	99	100	1.6	70,59,56	Rock
G_사막	Gs_사막_6310_-2635	2103	-878	97	90	8.8	215,191,139	Sand
G_사막	Gs_사막_9316_-3691	3105	-1230	104	104	3.8	220,204,166	Sand
G_사막	Gs_사막_6757_-1739	2252	-579	101	108	12.4	222,197,142	Sand
G_사막	Gb_사막_5402_-2067	1801	-689	112	108	1.8	70,59,56	Rock
G_사막	Gs_사막_6284_-1465	2095	-488	98	103	6.7	220,194,139	Sand
G_사막	Gb_사막_6757_-1739	2252	-579	97	103	7.7	70,59,56	Rock
G_사막	Gb_사막_6294_-1305	2098	-435	110	113	2.2	70,59,56	Rock
G_사막	Gs_사막_7208_-2190	2403	-730	99	92	15.5	222,196,140	Sand
G_사막	Gb_사막_6284_-1465	2095	-488	94	99	2.0	70,59,56	Rock
G_사막	Gb_사막_8860_-1884	2953	-628	97	85	-1.4	70,59,56	Rock
G_사막	Gb_사막_8253_-2336	2751	-778	79	77	4.0	70,59,56	Rock
G_사막	Gb_사막_7208_-2190	2403	-730	95	88	10.9	70,59,56	Rock
G_사막	Gs_사막_8394_-2514	2798	-838	78	88	8.4	222,197,142	Sand
G_사막	Gs_사막_6294_-1305	2098	-435	114	118	6.8	215,194,146	Sand
G_사막	Gb_사막_6159_-2190	2053	-730	114	111	4.4	70,59,56	Rock
G_사막	Gs_사막_7067_-3705	2356	-1235	96	96	3.2	224,208,169	Sand
G_사막	Gs_사막_6617_-2954	2206	-984	110	112	8.8	211,188,137	Sand
G_사막	Gs_사막_6745_-1008	2249	-336	114	109	3.2	225,209,170	Sand
G_사막	Gs_사막_8246_-2047	2749	-682	103	105	6.3	227,209,166	Sand
G_사막	Gb_사막_7038_-3110	2346	-1036	107	107	3.0	70,59,56	Rock
G_사막	Gs_사막_7038_-3110	2346	-1036	112	112	7.7	211,190,142	Sand
G_사막	Gs_사막_8532_-3693	2844	-1231	91	73	5.2	229,213,175	Sand
G_사막	Gb_사막_8532_-3693	2844	-1231	87	70	0.5	70,59,56	Rock
G_사막	Gb_사막_9298_-3241	3100	-1080	121	121	6.1	70,59,56	Rock
G_사막	Gb_사막_7663_-3696	2555	-1232	104	108	0.7	70,59,56	Rock
G_사막	Gb_사막_10041_-3413	3347	-1137	105	105	-1.3	70,59,56	Rock
G_사막	Gs_사막_7212_-3849	2404	-1283	108	103	3.4	221,205,166	Sand
G_사막	Gs_사막_9298_-3241	3100	-1080	126	126	10.7	223,198,144	Sand
G_사막	Gs_사막_7663_-3696	2555	-1232	108	112	5.4	228,213,174	Sand
G_사막	Gb_사막_7212_-3849	2404	-1283	103	99	-1.2	70,59,56	Rock
G_사막	Gb_사막_6745_-1008	2249	-336	109	104	-1.5	70,59,56	Rock
G_사막	Gs_사막_10636_-3387	3546	-1129	104	105	3.6	220,204,166	Sand
G_사막	Gb_사막_5549_-1454	1850	-485	81	76	-1.0	70,59,56	Rock
G_사막	Gb_사막_10636_-3387	3546	-1129	100	100	-1.0	70,59,56	Rock
G_사막	Gs_사막_7808_-1885	2603	-628	103	107	6.5	227,209,167	Sand
G_사막	Gb_사막_7191_-3406	2397	-1135	99	99	2.1	70,59,56	Rock
G_사막	Gb_사막_9749_-2212	3250	-737	86	86	-1.2	70,59,56	Rock
G_사막	Gb_사막_9153_-3555	3051	-1185	97	98	1.6	70,59,56	Rock
G_사막	Gb_사막_8702_-2207	2901	-736	75	88	2.0	70,59,56	Rock
G_사막	Gs_사막_9740_-3393	3247	-1131	89	89	9.7	229,213,175	Sand
G_사막	Gs_사막_7037_-1291	2346	-430	111	112	3.2	216,201,163	Sand
G_사막	Gs_사막_8702_-2207	2901	-736	78	92	6.6	213,193,147	Sand
G_사막	Gs_사막_6009_-1748	2003	-583	98	91	7.0	210,187,137	Sand
G_사막	Gb_사막_9740_-3393	3247	-1131	86	86	5.0	70,59,56	Rock
G_사막	Gb_사막_7056_-1742	2352	-580	104	102	5.5	70,59,56	Rock
G_사막	Gb_사막_6009_-1748	2003	-583	94	87	2.3	70,59,56	Rock
G_사막	Gb_사막_7648_-3406	2550	-1135	110	111	5.5	70,59,56	Rock
G_사막	Gs_사막_7801_-2506	2600	-835	115	114	16.9	221,195,139	Sand
G_사막	Gs_사막_5549_-1454	1850	-485	84	79	3.7	214,199,161	Sand
G_사막	Gb_사막_10198_-2634	3399	-878	85	88	0.2	70,59,56	Rock
G_사막	Gb_사막_7641_-2794	2547	-931	109	111	19.1	70,59,56	Rock
G_사막	Gb_사막_8263_-2210	2755	-736	90	100	3.1	70,59,56	Rock
G_사막	Gb_사막_7507_-1435	2503	-478	103	98	-1.1	70,59,56	Rock
G_사막	Gs_사막_10194_-2964	3398	-988	92	91	6.9	224,202,153	Sand
G_사막	Gs_사막_8387_-3687	2796	-1229	113	115	8.7	226,210,170	Sand
G_사막	Gs_사막_5986_-1300	1996	-433	96	104	6.3	226,208,165	Sand
G_사막	Gb_사막_10208_-2786	3403	-929	109	108	2.2	70,59,56	Rock
G_사막	Gb_사막_8989_-2348	2997	-782	93	98	2.2	70,59,56	Rock
G_사막	Gb_사막_6603_-1761	2201	-587	81	81	6.7	70,59,56	Rock
G_사막	Gb_사막_5986_-1300	1996	-433	92	100	1.6	70,59,56	Rock
G_사막	Gs_사막_6599_-1887	2200	-629	114	114	15.0	216,190,136	Sand
G_사막	Gb_사막_6599_-1887	2200	-629	110	110	10.3	70,59,56	Rock
G_사막	Gs_사막_7346_-2037	2449	-679	103	108	11.0	209,185,132	Sand
G_사막	Gs_사막_7056_-1742	2352	-580	109	106	10.1	225,203,154	Sand
G_사막	Gs_사막_7198_-1733	2400	-578	106	106	8.7	222,200,151	Sand
G_사막	Gb_사막_7938_-3241	2646	-1080	100	91	8.1	70,59,56	Rock
G_사막	Gs_사막_7641_-2794	2547	-931	113	116	23.7	92,74,66	Basalt
G_사막	Gs_사막_8989_-2348	2997	-782	97	102	6.9	223,204,160	Sand
G_사막	Gb_사막_6458_-1138	2153	-379	90	79	1.7	70,59,56	Rock
G_사막	Gb_사막_7198_-1733	2400	-578	101	102	4.0	70,59,56	Rock
G_사막	Gs_사막_6603_-1761	2201	-587	85	85	11.4	222,197,143	Sand
G_사막	Gb_사막_8112_-2800	2704	-933	87	70	12.5	70,59,56	Rock
G_사막	Gs_사막_7938_-3241	2646	-1080	104	95	12.8	210,186,133	Sand
G_사막	Gs_사막_6458_-1138	2153	-379	93	83	6.4	226,208,165	Sand
G_사막	Gb_사막_7808_-1885	2603	-628	99	103	1.9	70,59,56	Rock
G_사막	Gb_사막_10515_-2660	3505	-887	88	81	-1.2	70,59,56	Rock
G_사막	Gs_사막_7648_-3406	2550	-1135	115	115	10.2	212,191,143	Sand
G_사막	Gs_사막_5085_-2499	1695	-833	114	116	3.2	228,212,172	Sand
G_사막	Gs_사막_10501_-2798	3500	-933	76	87	3.3	228,213,174	Sand
G_사막	Gs_사막_7666_-1443	2556	-481	84	84	3.3	228,213,174	Sand
G_사막	Gs_사막_8861_-2194	2954	-731	83	81	6.9	226,207,162	Sand
G_사막	Gb_사막_7812_-2662	2604	-887	90	89	14.5	70,59,56	Rock
G_사막	Gb_사막_5407_-1604	1803	-535	82	83	-1.1	70,59,56	Rock
G_사막	Gb_사막_10501_-2798	3500	-933	73	84	-1.4	70,59,56	Rock
G_사막	Gb_사막_7191_-2656	2397	-885	96	96	10.4	70,59,56	Rock
G_사막	Gs_사막_8263_-2210	2755	-736	94	104	7.8	223,201,152	Sand
G_사막	Gb_사막_5558_-2338	1853	-779	98	104	1.9	70,59,56	Rock
G_사막	Gs_사막_5407_-1604	1803	-535	85	86	3.6	219,203,165	Sand
G_사막	Gs_사막_7191_-2656	2397	-885	100	100	15.0	220,194,139	Sand
G_사막	Gb_사막_7965_-2805	2655	-935	99	100	14.2	70,59,56	Rock
G_사막	Gs_사막_6897_-1140	2299	-380	105	105	3.2	228,212,172	Sand
G_사막	Gb_사막_7932_-2364	2644	-788	94	87	8.5	70,59,56	Rock
G_사막	Gb_사막_8387_-3687	2796	-1229	109	111	4.1	70,59,56	Rock
G_사막	Gs_사막_10208_-2786	3403	-929	113	113	6.9	216,198,155	Sand
G_사막	Gs_사막_10515_-2660	3505	-887	92	85	3.5	222,206,167	Sand
G_사막	Gb_사막_7801_-2506	2600	-835	110	109	12.3	70,59,56	Rock
G_사막	Gs_사막_7932_-2364	2644	-788	98	91	13.2	223,198,145	Sand
G_사막	Gb_사막_6897_-1140	2299	-380	100	100	-1.5	70,59,56	Rock
G_사막	Gs_사막_7965_-2805	2655	-935	103	105	18.9	94,76,68	Basalt
G_사막	Gb_사막_5237_-1910	1746	-636	113	109	-1.1	70,59,56	Rock
G_사막	Gs_사막_10198_-2634	3399	-878	89	92	4.9	229,214,176	Sand
G_사막	Gs_사막_9296_-2345	3099	-782	100	100	6.4	220,202,160	Sand
G_사막	Gb_사막_8861_-2194	2954	-731	80	78	2.2	70,59,56	Rock
G_사막	Gb_사막_7352_-2962	2451	-987	101	100	9.1	70,59,56	Rock
G_사막	Gb_사막_6454_-3246	2151	-1082	113	112	-0.3	70,59,56	Rock
G_사막	Gb_사막_9296_-2345	3099	-782	96	96	1.7	70,59,56	Rock
G_사막	Gb_사막_5085_-2499	1695	-833	109	111	-1.5	70,59,56	Rock
G_사막	Gs_사막_5108_-1904	1703	-635	104	103	3.4	217,202,163	Sand
G_사막	Gb_사막_10194_-2964	3398	-988	88	88	2.2	70,59,56	Rock
G_사막	Gb_사막_7362_-1468	2454	-489	104	105	-1.3	70,59,56	Rock
G_사막	Gb_사막_8247_-3400	2749	-1133	112	113	7.8	70,59,56	Rock
G_사막	Gs_사막_7812_-2662	2604	-887	93	93	19.2	101,84,76	Basalt
G_사막	Gb_사막_10192_-3094	3398	-1031	91	85	1.7	70,59,56	Rock
G_사막	Gs_사막_5404_-1762	1801	-587	89	91	3.6	214,199,162	Sand
G_사막	Gb_사막_6897_-2790	2299	-930	87	92	8.2	70,59,56	Rock
G_사막	Gb_사막_6449_-2943	2150	-981	79	92	2.5	70,59,56	Rock
G_사막	Gs_사막_8100_-2337	2700	-779	103	100	10.2	222,197,141	Sand
G_사막	Gs_사막_10192_-3094	3398	-1031	95	89	6.4	217,196,148	Sand
G_사막	Gs_사막_8083_-3534	2694	-1178	104	102	12.1	215,198,157	Sand
G_사막	Gb_사막_5110_-2207	1704	-736	87	82	-1.4	70,59,56	Rock
G_사막	Gs_사막_9004_-2656	3001	-885	99	98	8.7	214,189,135	Sand
G_사막	Gs_사막_7217_-3565	2406	-1188	103	103	6.1	227,209,167	Sand
G_사막	Gs_사막_6897_-2790	2299	-930	90	96	12.8	222,197,142	Sand
G_사막	Gb_사막_8100_-2337	2700	-779	99	96	5.5	70,59,56	Rock
G_사막	Gb_사막_7047_-2184	2349	-728	93	98	12.3	70,59,56	Rock
G_사막	Gs_사막_5110_-2207	1704	-736	91	86	3.2	229,214,176	Sand
G_사막	Gs_사막_6449_-2943	2150	-981	82	96	7.2	212,191,146	Sand
G_사막	Gs_사막_8247_-3400	2749	-1133	117	117	12.4	225,204,156	Sand
G_사막	Gb_사막_9004_-2656	3001	-885	95	94	4.0	70,59,56	Rock
G_사막	Gs_사막_7362_-1468	2454	-489	108	110	3.4	225,209,170	Sand
G_사막	Gb_사막_10193_-3409	3398	-1136	112	113	-1.5	70,59,56	Rock
G_사막	Gs_사막_6295_-1161	2098	-387	123	123	6.2	219,201,159	Sand
G_사막	Gs_사막_7047_-2184	2349	-728	97	102	16.9	223,198,145	Sand
G_사막	Gs_사막_8082_-3234	2694	-1078	103	99	12.4	222,197,142	Sand
G_사막	Gs_사막_6613_-1589	2204	-530	113	111	6.6	216,191,136	Sand
G_사막	Gb_사막_7666_-1443	2556	-481	81	80	-1.4	70,59,56	Rock
G_사막	Gb_사막_7037_-1291	2346	-430	106	108	-1.4	70,59,56	Rock
G_사막	Gb_사막_7366_-2491	2455	-830	91	88	14.0	70,59,56	Rock
G_사막	Gs_사막_8112_-2800	2704	-933	91	73	17.2	222,197,142	Sand
G_사막	Gb_사막_5404_-1762	1801	-587	86	88	-1.0	70,59,56	Rock
G_사막	Gb_사막_8846_-3711	2949	-1237	100	94	-1.3	70,59,56	Rock
G_사막	Gs_사막_9451_-2809	3151	-936	121	121	6.8	222,196,140	Sand
G_사막	Gs_사막_7350_-2345	2450	-782	97	100	17.7	217,192,137	Sand
G_사막	Gb_사막_5841_-1903	1947	-634	100	89	1.9	70,59,56	Rock
G_사막	Gs_사막_7952_-3107	2651	-1036	91	98	13.9	213,188,134	Sand
G_사막	Gs_사막_9893_-3411	3298	-1137	116	117	5.1	228,212,173	Sand
G_사막	Gs_사막_7502_-1585	2501	-528	102	101	6.0	227,209,166	Sand
G_사막	Gs_사막_10193_-3409	3398	-1136	116	117	3.2	215,199,162	Sand
G_사막	Gb_사막_7350_-2345	2450	-782	93	96	13.0	70,59,56	Rock
G_사막	Gb_사막_8083_-3534	2694	-1178	100	98	7.4	70,59,56	Rock
G_사막	Gb_사막_6601_-2794	2201	-931	103	105	5.1	70,59,56	Rock
G_사막	Gb_사막_10067_-2660	3356	-887	108	108	1.8	70,59,56	Rock
G_사막	Gs_사막_8556_-3415	2852	-1138	100	100	10.5	224,202,153	Sand
G_사막	Gs_사막_7198_-2360	2399	-786	97	84	18.3	222,197,142	Sand
G_사막	Gb_사막_6151_-1896	2051	-632	99	99	3.9	70,59,56	Rock
G_사막	Gs_사막_6303_-2333	2101	-777	115	110	10.9	222,196,140	Sand
G_사막	Gb_사막_7198_-2360	2399	-786	93	81	13.6	70,59,56	Rock
G_사막	Gs_사막_5242_-2216	1748	-738	105	104	6.1	227,209,166	Sand
G_사막	Gs_사막_8567_-2654	2856	-885	81	88	10.2	223,199,146	Sand
G_사막	Gb_사막_7502_-1585	2501	-528	98	97	1.4	70,59,56	Rock
G_사막	Gb_사막_6303_-2333	2101	-777	111	105	6.2	70,59,56	Rock
G_사막	Gs_사막_7507_-1435	2503	-478	107	102	3.5	219,203,165	Sand
G_사막	Gb_사막_6295_-1161	2098	-387	118	118	1.5	70,59,56	Rock
G_사막	Gs_사막_7066_-1917	2355	-639	106	108	14.7	223,199,146	Sand
G_사막	Gb_사막_7506_-3718	2502	-1239	105	103	-1.3	70,59,56	Rock
G_사막	Gs_사막_7506_-3718	2502	-1239	110	108	3.4	228,212,172	Sand
G_사막	Gs_사막_6736_-2197	2245	-732	117	118	17.6	222,197,142	Sand
G_사막	Gb_사막_9458_-2648	3153	-883	115	115	2.3	70,59,56	Rock
G_사막	Gb_사막_6017_-2367	2006	-789	95	97	2.6	70,59,56	Rock
G_사막	Gs_사막_10210_-2511	3403	-837	92	93	3.6	224,209,169	Sand
G_사막	Gs_사막_6017_-2367	2006	-789	98	101	7.2	223,198,145	Sand
G_사막	Gs_사막_6601_-2794	2201	-931	107	110	9.8	223,198,144	Sand
G_사막	Gb_사막_10210_-2511	3403	-837	89	89	-1.1	70,59,56	Rock
G_사막	Gb_사막_7066_-1917	2355	-639	102	103	10.1	70,59,56	Rock
G_사막	Gs_사막_9458_-2648	3153	-883	120	119	7.0	211,186,133	Sand
G_사막	Gs_사막_7366_-2491	2455	-830	95	92	18.6	222,196,140	Sand
G_사막	Gb_사막_8849_-2784	2950	-928	109	109	7.2	70,59,56	Rock
G_사막	Gs_사막_7941_-2516	2647	-838	109	110	15.0	220,194,138	Sand
G_사막	Gb_사막_8556_-3415	2852	-1138	96	96	5.8	70,59,56	Rock
G_사막	Gs_사막_9898_-3258	3300	-1086	114	109	10.2	227,210,168	Sand
G_사막	Gs_사막_5558_-2338	1853	-779	102	108	6.6	212,188,137	Sand
G_사막	Gs_사막_6763_-2363	2255	-788	109	109	13.4	222,197,142	Sand
G_사막	Gb_사막_7217_-3565	2406	-1188	99	99	1.4	70,59,56	Rock
G_사막	Gs_사막_8849_-2784	2950	-928	114	114	11.9	222,197,143	Sand
G_사막	Gb_사막_7941_-2516	2647	-838	105	106	10.4	70,59,56	Rock
G_사막	Gs_사막_5383_-2805	1794	-935	121	121	3.7	228,213,174	Sand
G_사막	Gb_사막_9898_-3258	3300	-1086	110	105	5.5	70,59,56	Rock
G_사막	Gs_사막_8111_-2501	2704	-834	100	100	12.6	219,193,138	Sand
G_사막	Gs_사막_5841_-1903	1947	-634	104	93	6.6	222,197,143	Sand
G_사막	Gb_사막_8111_-2501	2704	-834	96	96	8.0	70,59,56	Rock
G_사막	Gb_사막_5383_-2805	1794	-935	116	116	-0.9	70,59,56	Rock
G_사막	Gb_사막_5994_-2943	1998	-981	89	89	-0.9	70,59,56	Rock
G_사막	Gb_사막_5242_-2216	1748	-738	101	100	1.4	70,59,56	Rock
G_사막	Gb_사막_7188_-2062	2396	-687	90	93	9.4	70,59,56	Rock
G_사막	Gs_사막_9145_-2346	3048	-782	102	106	6.2	225,207,164	Sand
G_사막	Gb_사막_9893_-3411	3298	-1137	111	112	0.5	70,59,56	Rock
G_사막	Gb_사막_6763_-2363	2255	-788	104	105	8.7	70,59,56	Rock
G_사막	Gs_사막_7188_-2062	2396	-687	94	97	14.1	222,196,140	Sand
G_사막	Gb_사막_6450_-2037	2150	-679	100	105	9.6	70,59,56	Rock
G_사막	Gs_사막_7639_-1900	2547	-633	102	104	6.5	226,206,159	Sand
G_사막	Gs_사막_7815_-2042	2605	-680	81	88	7.5	226,206,160	Sand
G_사막	Gs_사막_8535_-2934	2845	-978	83	94	11.7	220,194,138	Sand
G_사막	Gs_사막_6450_-2037	2150	-679	104	110	14.3	223,197,143	Sand
G_사막	Gb_사막_6162_-1745	2054	-581	105	108	2.6	70,59,56	Rock
G_사막	Gb_사막_10184_-2349	3395	-783	99	96	-1.2	70,59,56	Rock
G_사막	Gb_사막_7815_-2042	2605	-680	78	84	2.9	70,59,56	Rock
G_사막	Gs_사막_7339_-1740	2447	-580	76	89	7.9	214,193,145	Sand
G_사막	Gs_사막_5535_-1588	1845	-529	102	103	4.9	228,213,174	Sand
G_사막	Gb_사막_6737_-1456	2246	-485	100	106	2.3	70,59,56	Rock
G_사막	Gs_사막_6162_-1745	2054	-581	110	112	7.2	222,197,142	Sand
G_사막	Gb_사막_5994_-1606	1998	-535	102	97	1.9	70,59,56	Rock
G_사막	Gb_사막_5535_-1588	1845	-529	98	99	0.3	70,59,56	Rock
G_사막	Gs_사막_10184_-2349	3395	-783	103	100	3.4	228,213,174	Sand
G_사막	Gs_사막_5994_-1606	1998	-535	106	101	6.6	217,197,150	Sand
G_사막	Gs_사막_8553_-3234	2851	-1078	111	108	10.3	219,193,138	Sand
G_사막	Gs_사막_7659_-3255	2553	-1085	119	117	12.3	222,196,140	Sand
G_사막	Gb_사막_6143_-1609	2048	-536	108	104	2.1	70,59,56	Rock
G_사막	Gs_사막_6737_-1456	2246	-485	104	110	7.0	219,198,151	Sand
G_사막	Gb_사막_7339_-1740	2447	-580	73	86	3.3	70,59,56	Rock
G_사막	Gs_사막_5994_-2662	1998	-887	83	89	6.8	218,196,148	Sand
G_사막	Gs_사막_8704_-3397	2901	-1132	109	112	8.2	225,204,156	Sand
G_사막	Gs_사막_9749_-2212	3250	-737	89	90	3.4	228,213,174	Sand
G_사막	Gb_사막_9610_-3093	3204	-1031	106	110	15.0	70,59,56	Rock
G_사막	Gb_사막_7659_-3255	2553	-1085	114	112	7.6	70,59,56	Rock
G_사막	Gb_사막_6746_-3262	2249	-1087	103	101	1.4	70,59,56	Rock
G_사막	Gb_사막_9152_-2484	3051	-828	97	96	2.2	70,59,56	Rock
G_사막	Gb_사막_7960_-2060	2653	-686	106	100	3.1	70,59,56	Rock
G_사막	Gb_사막_9146_-3390	3049	-1130	79	93	2.0	70,59,56	Rock
G_사막	Gb_사막_8689_-2054	2897	-685	102	96	1.5	70,59,56	Rock
G_사막	Gs_사막_7960_-2060	2653	-686	111	104	7.8	214,196,154	Sand
G_사막	Gb_사막_6306_-3102	2102	-1034	97	98	-0.2	70,59,56	Rock
G_사막	Gs_사막_6153_-1314	2051	-438	106	100	6.8	220,199,151	Sand
G_사막	Gs_사막_6746_-3262	2249	-1087	107	106	6.0	227,209,166	Sand
G_사막	Gb_사막_6146_-2496	2049	-832	103	105	3.7	70,59,56	Rock
G_사막	Gs_사막_7656_-3104	2552	-1035	112	113	15.4	223,197,143	Sand
G_사막	Gs_사막_9152_-2484	3051	-828	101	100	6.8	224,202,152	Sand
G_사막	Gb_사막_9145_-2346	3048	-782	97	101	1.5	70,59,56	Rock
G_사막	Gs_사막_9610_-3093	3204	-1031	111	115	19.7	221,197,143	Sand
G_사막	Gb_사막_6451_-2500	2150	-833	102	102	6.4	70,59,56	Rock
G_사막	Gs_사막_9153_-3555	3051	-1185	101	102	6.2	219,202,160	Sand
G_사막	Gb_사막_9154_-3710	3052	-1236	105	108	-1.0	70,59,56	Rock
G_사막	Gs_사막_5386_-2498	1795	-832	87	94	6.7	227,209,165	Sand
G_사막	Gs_사막_8845_-3392	2948	-1131	96	92	6.4	223,201,152	Sand
G_사막	Gs_사막_6617_-1162	2206	-387	114	114	6.1	227,209,166	Sand
G_사막	Gb_사막_5834_-2954	1945	-985	99	85	-1.2	70,59,56	Rock
G_사막	Gb_사막_8535_-2934	2845	-978	80	90	7.1	70,59,56	Rock
G_사막	Gs_사막_6306_-3102	2102	-1034	101	102	4.4	229,213,175	Sand
G_사막	Gs_사막_8541_-2065	2847	-688	100	106	6.2	218,200,159	Sand
G_사막	Gs_사막_7795_-3701	2598	-1234	91	102	5.1	222,207,168	Sand
G_사막	Gb_사막_9298_-3412	3099	-1137	105	101	4.4	70,59,56	Rock
G_사막	Gb_사막_6613_-1589	2204	-530	109	106	1.9	70,59,56	Rock
G_사막	Gs_사막_7366_-3268	2455	-1089	109	108	8.8	223,200,148	Sand
G_사막	Gb_사막_7656_-3104	2552	-1035	108	108	10.7	70,59,56	Rock
G_사막	Gb_사막_8845_-3392	2948	-1131	92	89	1.8	70,59,56	Rock
G_사막	Gs_사막_7191_-3406	2397	-1135	103	103	6.8	217,199,156	Sand
G_사막	Gs_사막_5983_-2806	1995	-935	107	108	6.4	217,200,158	Sand
G_사막	Gs_사막_5834_-2954	1945	-985	103	89	3.5	221,205,166	Sand
G_사막	Gs_사막_9910_-2496	3304	-832	89	88	6.6	225,204,156	Sand
G_사막	Gb_사막_5386_-2498	1795	-832	83	90	2.0	70,59,56	Rock
G_사막	Gs_사막_9298_-3412	3099	-1137	110	105	9.1	223,201,152	Sand
G_사막	Gs_사막_10937_-3261	3646	-1087	100	92	3.7	228,212,173	Sand
G_사막	Gs_사막_10666_-3085	3556	-1028	119	121	4.4	228,213,174	Sand
G_사막	Gs_사막_9154_-3710	3052	-1236	110	113	3.7	228,212,173	Sand
G_사막	Gb_사막_5983_-2806	1995	-935	103	103	1.8	70,59,56	Rock
G_사막	Gb_사막_9910_-2496	3304	-832	85	84	2.0	70,59,56	Rock
G_사막	Gb_사막_10937_-3261	3646	-1087	96	88	-0.9	70,59,56	Rock
G_사막	Gs_사막_8412_-2217	2804	-739	88	82	6.8	225,204,157	Sand
G_사막	Gb_사막_8412_-2217	2804	-739	84	78	2.1	70,59,56	Rock
G_사막	Gb_사막_10666_-3085	3556	-1028	114	116	-0.3	70,59,56	Rock
G_사막	Gb_사막_9893_-2943	3298	-981	108	109	4.0	70,59,56	Rock
G_사막	Gb_사막_7795_-3701	2598	-1234	87	98	0.4	70,59,56	Rock
G_사막	Gs_사막_9886_-2644	3295	-881	99	102	6.9	212,190,142	Sand
G_사막	Gs_사막_5237_-1910	1746	-636	117	113	3.6	225,210,170	Sand
G_사막	Gb_사막_7952_-3107	2651	-1036	87	94	9.3	70,59,56	Rock
G_사막	Gb_사막_9290_-3092	3097	-1031	99	104	4.8	70,59,56	Rock
G_사막	Gs_사막_7482_-2658	2494	-886	103	103	20.6	88,71,63	Basalt
G_사막	Gb_사막_5559_-1894	1853	-631	89	94	1.9	70,59,56	Rock
G_사막	Gs_사막_5559_-1894	1853	-631	93	98	6.6	226,207,163	Sand
G_사막	Gb_사막_7805_-2368	2602	-789	90	87	10.3	70,59,56	Rock
G_사막	Gs_사막_9290_-3092	3097	-1031	103	108	9.5	221,195,139	Sand
G_사막	Gs_사막_8559_-1897	2853	-632	109	110	3.6	221,206,167	Sand
G_사막	Gs_사막_6895_-3116	2298	-1039	87	97	7.7	225,203,154	Sand
G_사막	Gb_사막_8382_-2805	2794	-935	99	97	8.2	70,59,56	Rock
G_사막	Gb_사막_8559_-1897	2853	-632	105	106	-1.1	70,59,56	Rock
G_사막	Gb_사막_10934_-3104	3645	-1035	107	106	-1.3	70,59,56	Rock
G_사막	Gs_사막_8382_-2805	2794	-935	103	101	12.9	223,199,146	Sand
G_사막	Gs_사막_5532_-2806	1844	-935	118	116	4.5	220,205,166	Sand
G_사막	Gb_사막_5532_-2806	1844	-935	113	112	-0.2	70,59,56	Rock
G_사막	Gb_사막_9450_-2203	3150	-734	99	101	-1.5	70,59,56	Rock
G_사막	Gs_사막_8988_-2795	2996	-931	92	91	10.0	213,188,134	Sand
G_사막	Gb_사막_6617_-1162	2206	-387	109	109	1.4	70,59,56	Rock
G_사막	Gb_사막_9598_-3686	3199	-1229	120	120	-0.9	70,59,56	Rock
G_사막	Gb_사막_6895_-3116	2298	-1039	83	94	3.1	70,59,56	Rock
G_사막	Gs_사막_10666_-2942	3556	-981	117	116	3.5	228,213,175	Sand
G_사막	Gs_사막_9760_-3548	3253	-1183	100	100	4.2	224,209,169	Sand
G_사막	Gb_사막_7482_-2658	2494	-886	99	99	15.9	70,59,56	Rock
G_사막	Gs_사막_6143_-1609	2048	-536	113	108	6.8	217,193,141	Sand
G_사막	Gs_사막_10934_-3104	3645	-1035	112	110	3.4	229,213,175	Sand
G_사막	Gs_사막_9598_-3686	3199	-1229	125	125	3.7	223,207,168	Sand
G_사막	Gb_사막_6283_-991	2095	-330	90	88	-1.2	70,59,56	Rock
G_사막	Gb_사막_8988_-2795	2996	-931	88	87	5.4	70,59,56	Rock
G_사막	Gs_사막_7814_-2192	2605	-731	101	106	11.0	224,200,149	Sand
G_사막	Gs_사막_9894_-3088	3298	-1029	100	103	10.3	223,201,152	Sand
G_사막	Gb_사막_9760_-3548	3253	-1183	96	96	-0.4	70,59,56	Rock
G_사막	Gs_사막_7490_-3393	2497	-1131	119	120	8.9	224,202,153	Sand
G_사막	Gb_사막_5398_-1900	1799	-633	111	110	-0.3	70,59,56	Rock
G_사막	Gb_사막_8845_-2033	2948	-677	107	111	0.1	70,59,56	Rock
G_사막	Gs_사막_7805_-2368	2602	-789	94	90	15.0	219,193,138	Sand
G_사막	Gb_사막_6153_-1314	2051	-438	101	96	2.1	70,59,56	Rock
G_사막	Gb_사막_7814_-2192	2605	-731	97	102	6.4	70,59,56	Rock
G_사막	Gs_사막_5398_-1900	1799	-633	115	115	4.4	220,205,166	Sand
G_사막	Gb_사막_9894_-3088	3298	-1029	96	99	5.6	70,59,56	Rock
G_사막	Gb_사막_10037_-2364	3346	-788	99	100	0.2	70,59,56	Rock
G_사막	Gs_사막_6283_-991	2095	-330	94	91	3.4	229,214,176	Sand
G_사막	Gb_사막_7490_-3393	2497	-1131	115	115	4.3	70,59,56	Rock
G_사막	Gb_사막_7665_-3544	2555	-1181	101	101	3.6	70,59,56	Rock
G_사막	Gs_사막_8988_-3237	2996	-1079	116	115	6.7	215,189,135	Sand
G_사막	Gb_사막_9462_-3105	3154	-1035	89	95	11.2	70,59,56	Rock
G_사막	Gs_사막_5687_-2953	1896	-984	97	87	3.6	221,205,167	Sand
G_사막	Gs_사막_5685_-2495	1895	-831	104	107	6.5	214,191,139	Sand
G_사막	Gs_사막_5991_-1896	1997	-632	108	108	6.3	219,193,138	Sand
G_사막	Gb_사막_5687_-2953	1896	-984	93	83	-1.0	70,59,56	Rock
G_사막	Gb_사막_10666_-2942	3556	-981	112	112	-1.2	70,59,56	Rock
G_사막	Gs_사막_9146_-3390	3049	-1130	82	97	6.6	218,197,148	Sand
G_사막	Gs_사막_9889_-2341	3297	-780	102	95	6.1	213,196,155	Sand
G_사막	Gb_사막_5685_-2495	1895	-831	100	103	1.8	70,59,56	Rock
G_사막	Gb_사막_5991_-994	1997	-331	112	109	-1.3	70,59,56	Rock
G_사막	Gs_사막_6311_-1599	2104	-533	98	89	6.5	215,190,135	Sand
G_사막	Gs_사막_7665_-3544	2555	-1181	105	105	8.3	223,204,160	Sand
G_사막	Gb_사막_9886_-2644	3295	-881	95	98	2.2	70,59,56	Rock
G_사막	Gs_사막_5705_-1916	1902	-638	89	99	6.7	225,203,155	Sand
G_사막	Gb_사막_7792_-1584	2597	-528	111	112	-1.2	70,59,56	Rock
G_사막	Gb_사막_8082_-3102	2694	-1034	90	86	9.0	70,59,56	Rock
G_사막	Gs_사막_7792_-1584	2597	-528	116	117	3.5	228,212,173	Sand
G_사막	Gb_사막_10648_-3250	3549	-1083	107	102	1.7	70,59,56	Rock
G_사막	Gs_사막_8082_-3102	2694	-1034	94	89	13.7	208,184,131	Sand
G_사막	Gb_사막_5991_-1896	1997	-632	104	104	1.7	70,59,56	Rock
G_사막	Gs_사막_8709_-2950	2903	-983	84	90	11.2	223,198,145	Sand
G_사막	Gs_사막_10037_-2364	3346	-788	103	104	4.8	228,212,173	Sand
G_사막	Gb_사막_8709_-2950	2903	-983	81	86	6.5	70,59,56	Rock
G_사막	Gb_사막_6740_-3412	2247	-1137	111	109	-1.2	70,59,56	Rock
G_사막	Gs_사막_6436_-1468	2145	-489	106	106	6.6	223,198,145	Sand
G_사막	Gb_사막_8840_-3110	2947	-1036	90	95	3.4	70,59,56	Rock
G_사막	Gb_사막_8387_-2643	2796	-881	92	101	5.6	70,59,56	Rock
G_사막	Gb_사막_6436_-1468	2145	-489	102	102	2.0	70,59,56	Rock
G_사막	Gs_사막_6740_-3412	2247	-1137	116	113	3.5	229,214,176	Sand
G_사막	Gs_사막_9893_-2943	3298	-981	113	114	8.7	223,198,144	Sand
G_사막	Gs_사막_5991_-994	1997	-331	117	113	3.4	228,212,172	Sand
G_사막	Gs_사막_6759_-1592	2253	-531	105	105	6.4	224,201,151	Sand
G_사막	Gs_사막_8845_-2033	2948	-677	111	116	4.8	218,202,164	Sand
G_사막	Gb_사막_5705_-1916	1902	-638	86	95	2.0	70,59,56	Rock
G_사막	Gs_사막_10648_-3250	3549	-1083	112	106	6.3	216,199,157	Sand
G_사막	Gs_사막_5857_-2488	1952	-829	107	101	7.0	216,191,136	Sand
G_사막	Gb_사막_10515_-2955	3505	-985	79	76	-0.3	70,59,56	Rock
G_사막	Gs_사막_5548_-2955	1850	-985	105	104	3.6	222,206,167	Sand
G_사막	Gs_사막_10063_-3089	3354	-1030	95	85	6.6	213,192,145	Sand
G_사막	Gb_사막_7803_-3400	2601	-1133	109	105	6.8	70,59,56	Rock
G_사막	Gb_사막_7786_-2791	2596	-930	96	96	16.8	70,59,56	Rock
G_사막	Gb_사막_9763_-2495	3255	-832	86	89	2.1	70,59,56	Rock
G_사막	Gb_사막_10063_-3089	3354	-1030	91	82	2.0	70,59,56	Rock
G_사막	Gs_사막_9462_-3105	3154	-1035	93	99	15.9	219,193,138	Sand
G_사막	Gb_사막_5550_-2060	1850	-687	102	105	2.2	70,59,56	Rock
G_사막	Gs_사막_7786_-2791	2596	-930	100	100	21.5	97,79,72	Basalt
G_사막	Gb_사막_9582_-2815	3194	-938	110	111	2.5	70,59,56	Rock
G_사막	Gb_사막_9741_-3257	3247	-1085	97	98	12.5	70,59,56	Rock
G_사막	Gb_사막_5857_-2488	1952	-829	103	97	2.3	70,59,56	Rock
G_사막	Gs_사막_8840_-3110	2947	-1036	94	99	8.0	223,198,145	Sand
G_사막	Gs_사막_7634_-2067	2545	-689	96	89	8.4	224,201,150	Sand
G_사막	Gb_사막_10489_-3113	3496	-1037	86	76	2.0	70,59,56	Rock
G_사막	Gs_사막_10057_-3234	3352	-1078	97	98	6.6	220,202,160	Sand
G_사막	Gb_사막_10057_-3234	3352	-1078	93	94	1.9	70,59,56	Rock
G_사막	Gb_사막_8700_-3106	2900	-1035	112	114	4.5	70,59,56	Rock
G_사막	Gs_사막_9763_-2495	3255	-832	90	92	6.8	215,194,146	Sand
G_사막	Gs_사막_10489_-3113	3496	-1037	90	79	6.7	227,209,167	Sand
G_사막	Gb_사막_7634_-2067	2545	-689	92	85	3.7	70,59,56	Rock
G_사막	Gb_사막_6146_-2364	2049	-788	107	109	4.3	70,59,56	Rock
G_사막	Gs_사막_7803_-3400	2601	-1133	113	110	11.5	224,202,152	Sand
G_사막	Gb_사막_5108_-1904	1703	-635	100	99	-1.3	70,59,56	Rock
G_사막	Gs_사막_9741_-3257	3247	-1085	101	102	17.2	226,208,164	Sand
G_사막	Gb_사막_9889_-2341	3297	-780	98	91	1.4	70,59,56	Rock
G_사막	Gs_사막_9433_-2356	3144	-785	99	106	6.3	227,210,168	Sand
G_사막	Gs_사막_8990_-2962	2997	-987	88	85	8.7	222,196,140	Sand
G_사막	Gb_사막_6311_-1599	2104	-533	94	85	1.9	70,59,56	Rock
G_사막	Gs_사막_7044_-2345	2348	-782	97	103	16.8	221,195,139	Sand
G_사막	Gb_사막_9605_-2347	3202	-782	91	82	1.9	70,59,56	Rock
G_사막	Gs_사막_9605_-2347	3202	-782	94	85	6.5	215,197,157	Sand
G_사막	Gs_사막_8562_-2345	2854	-782	115	117	6.7	223,198,145	Sand
G_사막	Gs_사막_8413_-2962	2804	-987	99	87	12.7	211,186,133	Sand
G_사막	Gb_사막_9433_-2356	3144	-785	95	102	1.6	70,59,56	Rock
G_사막	Gb_사막_6897_-2195	2299	-731	101	101	13.2	70,59,56	Rock
G_사막	Gs_사막_6897_-2195	2299	-731	106	105	17.9	211,186,133	Sand
G_사막	Gb_사막_6603_-3405	2201	-1135	104	104	-1.5	70,59,56	Rock
G_사막	Gs_사막_8700_-3106	2900	-1035	117	119	9.2	209,184,131	Sand
G_사막	Gs_사막_6603_-3405	2201	-1135	108	108	3.2	228,213,174	Sand
G_사막	Gb_사막_8413_-2962	2804	-987	95	83	8.0	70,59,56	Rock
G_사막	Gs_사막_6146_-2364	2049	-788	112	113	8.9	217,192,137	Sand
G_사막	Gb_사막_8562_-2345	2854	-782	111	112	2.0	70,59,56	Rock
G_사막	Gb_사막_7803_-3109	2601	-1036	86	75	9.8	70,59,56	Rock
G_사막	Gb_사막_8990_-2962	2997	-987	85	82	4.0	70,59,56	Rock
G_사막	Gb_사막_5706_-1740	1902	-580	88	79	2.2	70,59,56	Rock
G_사막	Gb_사막_7044_-2345	2348	-782	93	99	12.1	70,59,56	Rock
G_사막	Gb_사막_7359_-2633	2453	-877	82	90	13.2	70,59,56	Rock
G_사막	Gs_사막_6000_-2509	2000	-836	94	97	6.5	216,191,136	Sand
G_사막	Gb_사막_7056_-1606	2352	-535	114	113	2.0	70,59,56	Rock
G_사막	Gs_사막_9582_-2815	3194	-938	114	115	7.2	216,190,136	Sand
G_사막	Gb_사막_5836_-2649	1945	-883	96	96	2.1	70,59,56	Rock
G_사막	Gs_사막_7359_-2633	2453	-877	85	93	17.8	222,196,141	Sand
G_사막	Gs_사막_7056_-1606	2352	-535	119	117	6.7	227,210,168	Sand
G_사막	Gs_사막_6432_-2187	2144	-729	87	78	13.0	214,189,135	Sand
G_사막	Gs_사막_7803_-3109	2601	-1036	89	78	14.5	223,198,144	Sand
G_사막	Gs_사막_5706_-1447	1902	-482	85	81	3.5	221,206,167	Sand
G_사막	Gb_사막_9015_-2196	3005	-732	102	97	0.1	70,59,56	Rock
G_사막	Gs_사막_5706_-1740	1902	-580	91	82	6.9	223,202,154	Sand
G_사막	Gs_사막_7499_-1912	2500	-637	105	109	7.9	212,189,138	Sand
G_사막	Gs_사막_6446_-1915	2149	-638	111	110	12.3	222,197,142	Sand
G_사막	Gs_사막_9761_-2657	3254	-885	80	82	6.6	210,185,132	Sand
G_사막	Gs_사막_10515_-2955	3505	-985	82	80	4.4	228,213,174	Sand
G_사막	Gb_사막_6000_-2509	2000	-836	91	93	1.8	70,59,56	Rock
G_사막	Gb_사막_7944_-3685	2648	-1228	101	101	1.4	70,59,56	Rock
G_사막	Gs_사막_5836_-2649	1945	-883	100	100	6.8	225,204,156	Sand
G_사막	Gb_사막_8714_-1884	2905	-628	106	104	-1.2	70,59,56	Rock
G_사막	Gb_사막_6736_-2197	2245	-732	113	114	12.9	70,59,56	Rock
G_사막	Gs_사막_7944_-3685	2648	-1228	105	105	6.1	228,213,174	Sand
G_사막	Gb_사막_5545_-2502	1849	-834	81	87	1.7	70,59,56	Rock
G_사막	Gs_사막_6286_-3251	2096	-1083	84	75	3.2	229,214,176	Sand
G_사막	Gb_사막_9761_-2657	3254	-885	77	79	1.9	70,59,56	Rock
G_사막	Gs_사막_6294_-2801	2098	-934	80	78	6.5	225,204,156	Sand
G_사막	Gb_사막_5412_-2338	1804	-779	110	110	2.1	70,59,56	Rock
G_사막	Gs_사막_5545_-2502	1849	-834	84	91	6.4	213,193,147	Sand
G_사막	Gb_사막_6466_-994	2156	-331	105	106	-1.1	70,59,56	Rock
G_사막	Gs_사막_6608_-2041	2203	-680	120	120	18.2	223,198,145	Sand
G_사막	Gs_사막_6309_-1884	2103	-628	105	108	9.8	222,196,140	Sand
G_사막	Gb_사막_5706_-1447	1902	-482	82	78	-1.1	70,59,56	Rock
G_사막	Gb_사막_6608_-2041	2203	-680	115	115	13.5	70,59,56	Rock
G_사막	Gb_사막_5992_-2051	1998	-683	98	103	2.3	70,59,56	Rock
G_사막	Gs_사막_6912_-2358	2304	-786	94	100	15.3	223,198,144	Sand
G_사막	Gs_사막_6009_-1458	2003	-486	107	103	6.4	227,210,167	Sand
G_사막	Gs_사막_7200_-3092	2400	-1031	115	114	8.3	222,198,144	Sand
G_사막	Gb_사막_6141_-1467	2047	-489	88	91	2.0	70,59,56	Rock
G_사막	Gs_사막_6883_-3402	2295	-1134	122	122	3.2	229,213,175	Sand
G_사막	Gs_사막_5412_-2338	1804	-779	115	115	6.8	221,200,152	Sand
G_사막	Gs_사막_5992_-2051	1998	-683	102	108	6.9	222,196,141	Sand
G_사막	Gs_사막_6141_-1467	2047	-489	91	94	6.7	224,201,151	Sand
G_사막	Gb_사막_7066_-3551	2356	-1184	79	73	-1.2	70,59,56	Rock
G_사막	Gs_사막_7066_-3551	2356	-1184	83	76	3.5	229,213,175	Sand
G_사막	Gb_사막_6446_-1915	2149	-638	106	106	7.6	70,59,56	Rock
G_사막	Gb_사막_6893_-2517	2298	-839	85	82	9.2	70,59,56	Rock
G_사막	Gs_사막_8852_-2499	2951	-833	92	96	8.2	224,201,150	Sand
G_사막	Gs_사막_5401_-2208	1800	-736	89	76	6.4	214,193,146	Sand
G_사막	Gb_사막_8852_-2499	2951	-833	89	92	3.5	70,59,56	Rock
G_사막	Gs_사막_7638_-2358	2546	-786	102	105	16.7	217,192,137	Sand
G_사막	Gs_사막_9440_-3692	3147	-1230	95	105	3.4	228,212,173	Sand
G_사막	Gb_사막_9305_-2801	3102	-933	102	103	2.4	70,59,56	Rock
G_사막	Gb_사막_6883_-3402	2295	-1134	117	117	-1.5	70,59,56	Rock
G_사막	Gs_사막_8096_-3715	2699	-1238	90	89	6.0	224,208,169	Sand
G_사막	Gb_사막_6912_-2358	2304	-786	90	96	10.6	70,59,56	Rock
G_사막	Gs_사막_6893_-2517	2298	-839	89	85	13.8	223,198,144	Sand
G_사막	Gb_사막_9600_-2206	3200	-735	112	110	-1.5	70,59,56	Rock
G_사막	Gb_사막_6294_-2801	2098	-934	77	75	1.9	70,59,56	Rock
G_사막	Gs_사막_7352_-3545	2451	-1181	101	102	7.3	227,209,167	Sand
G_사막	Gs_사막_9600_-2206	3200	-735	117	115	3.2	215,199,162	Sand
G_사막	Gs_사막_8253_-2336	2751	-778	82	80	8.6	215,190,135	Sand
G_사막	Gb_사막_9440_-3692	3147	-1230	91	100	-1.2	70,59,56	Rock
G_사막	Gb_사막_6009_-1458	2003	-486	103	99	1.7	70,59,56	Rock
G_사막	Gs_사막_8387_-2643	2796	-881	96	105	10.3	214,189,135	Sand
G_사막	Gb_사막_8093_-3394	2698	-1131	91	87	8.2	70,59,56	Rock
G_사막	Gb_사막_7200_-3092	2400	-1031	110	109	3.6	70,59,56	Rock
G_사막	Gb_사막_5401_-2208	1800	-736	86	73	1.7	70,59,56	Rock
G_사막	Gb_사막_9311_-2651	3104	-883	106	107	2.0	70,59,56	Rock
G_사막	Gs_사막_7486_-2050	2495	-683	108	106	9.4	211,186,133	Sand
G_사막	Gs_사막_8852_-2367	2951	-789	97	98	6.7	226,205,158	Sand
G_사막	Gs_사막_8093_-3394	2698	-1131	94	91	12.8	224,202,152	Sand
G_사막	Gb_사막_7638_-2358	2546	-786	97	101	12.0	70,59,56	Rock
G_사막	Gb_사막_7644_-3855	2548	-1285	108	106	-1.1	70,59,56	Rock
G_사막	Gb_사막_8096_-3715	2699	-1238	87	86	1.3	70,59,56	Rock
G_사막	Gs_사막_9015_-2196	3005	-732	107	102	4.8	216,201,163	Sand
G_사막	Gb_사막_7352_-3545	2451	-1181	97	98	2.6	70,59,56	Rock
G_사막	Gs_사막_7644_-3855	2548	-1285	113	111	3.6	221,206,167	Sand
G_사막	Gb_사막_7936_-3386	2645	-1128	114	115	7.7	70,59,56	Rock
G_사막	Gb_사막_6763_-2043	2255	-681	95	92	17.5	70,59,56	Rock
G_사막	Gb_사막_5858_-1299	1953	-433	95	99	-1.3	70,59,56	Rock
G_사막	Gb_사막_6746_-1893	2249	-631	105	108	13.9	70,59,56	Rock
G_사막	Gs_사막_7352_-2962	2451	-987	105	104	13.8	216,191,136	Sand
G_사막	Gs_사막_6892_-2043	2297	-681	111	110	21.0	87,70,62	Basalt
G_사막	Gs_사막_9305_-2801	3102	-933	106	108	7.0	223,198,145	Sand
G_사막	Gb_사막_6759_-1592	2253	-531	101	101	1.7	70,59,56	Rock
G_사막	Gs_사막_5858_-1299	1953	-433	99	104	3.4	229,214,176	Sand
G_사막	Gs_사막_7944_-3564	2648	-1188	83	87	11.0	225,207,164	Sand
G_사막	Gs_사막_6750_-3098	2250	-1033	96	92	8.1	224,202,153	Sand
G_사막	Gb_사막_9303_-2962	3101	-987	112	112	3.8	70,59,56	Rock
G_사막	Gb_사막_7486_-2050	2495	-683	104	101	4.7	70,59,56	Rock
G_사막	Gs_사막_7936_-3386	2645	-1128	118	120	12.3	218,197,148	Sand
G_사막	Gb_사막_8852_-2367	2951	-789	94	94	2.0	70,59,56	Rock
G_사막	Gs_사막_5244_-2037	1748	-679	92	81	6.2	213,196,155	Sand
G_사막	Gs_사막_9737_-3089	3246	-1029	114	115	15.5	225,203,155	Sand
G_사막	Gb_사막_6589_-1448	2197	-482	80	86	1.8	70,59,56	Rock
G_사막	Gb_사막_10793_-3398	3598	-1133	91	96	-1.2	70,59,56	Rock
G_사막	Gs_사막_9303_-2962	3101	-987	117	117	8.4	223,198,145	Sand
G_사막	Gs_사막_9761_-2946	3254	-982	81	83	10.9	223,199,145	Sand
G_사막	Gb_사막_6605_-2343	2202	-781	102	97	9.2	70,59,56	Rock
G_사막	Gb_사막_9300_-2197	3100	-732	94	92	-0.9	70,59,56	Rock
G_사막	Gs_사막_8252_-1896	2751	-632	117	118	3.6	226,210,170	Sand
G_사막	Gb_사막_7343_-1911	2448	-637	90	97	5.2	70,59,56	Rock
G_사막	Gs_사막_6746_-1893	2249	-631	110	113	18.6	211,186,133	Sand
G_사막	Gb_사막_9291_-2518	3097	-839	91	89	2.0	70,59,56	Rock
G_사막	Gb_사막_6467_-1310	2156	-436	80	82	1.9	70,59,56	Rock
G_사막	Gs_사막_10501_-3393	3501	-1131	95	99	3.4	221,205,166	Sand
G_사막	Gs_사막_5994_-2943	1998	-981	92	93	3.8	216,201,163	Sand
G_사막	Gb_사막_10501_-3393	3501	-1131	91	95	-1.3	70,59,56	Rock
G_사막	Gb_사막_6892_-2043	2297	-681	107	106	16.4	70,59,56	Rock
G_사막	Gb_사막_5540_-1746	1847	-582	106	109	1.8	70,59,56	Rock
G_사막	Gs_사막_6467_-1310	2156	-436	83	86	6.6	214,193,146	Sand
G_사막	Gb_사막_9761_-2946	3254	-982	78	80	6.2	70,59,56	Rock
G_사막	Gb_사막_5239_-2367	1746	-789	97	96	1.7	70,59,56	Rock
G_사막	Gs_사막_8714_-1884	2905	-628	110	109	3.5	229,213,175	Sand
G_사막	Gb_사막_6133_-2787	2044	-929	118	118	2.0	70,59,56	Rock
G_사막	Gs_사막_6589_-1448	2197	-482	84	89	6.4	224,201,150	Sand
G_사막	Gb_사막_7944_-3564	2648	-1188	79	84	6.3	70,59,56	Rock
G_사막	Gb_사막_6301_-1754	2100	-585	108	110	3.7	70,59,56	Rock
G_사막	Gs_사막_7213_-1903	2404	-634	116	115	10.9	222,196,140	Sand
G_사막	Gs_사막_9755_-2785	3252	-928	104	109	6.6	222,196,140	Sand
G_사막	Gs_사막_7187_-3695	2396	-1231	105	98	4.3	229,213,175	Sand
G_사막	Gs_사막_7343_-1911	2448	-637	93	101	9.9	216,190,136	Sand
G_사막	Gb_사막_8999_-2047	3000	-682	94	104	-1.3	70,59,56	Rock
G_사막	Gb_사막_6750_-3098	2250	-1033	92	88	3.5	70,59,56	Rock
G_사막	Gs_사막_6301_-1754	2100	-585	112	114	8.4	223,197,143	Sand
G_사막	Gs_사막_8999_-2047	3000	-682	98	109	3.4	218,202,164	Sand
G_사막	Gb_사막_9755_-2785	3252	-928	100	105	1.9	70,59,56	Rock
G_사막	Gs_사막_7060_-2036	2353	-678	118	119	16.5	222,197,142	Sand
G_사막	Gb_사막_7367_-1606	2456	-535	100	102	1.8	70,59,56	Rock
G_사막	Gs_사막_6287_-2941	2096	-980	87	79	6.5	217,199,156	Sand
G_사막	Gb_사막_10365_-3397	3455	-1132	102	107	-0.9	70,59,56	Rock
G_사막	Gs_사막_5540_-1746	1847	-582	111	113	6.5	228,211,170	Sand
G_사막	Gs_사막_6448_-1592	2149	-531	105	108	6.6	213,188,134	Sand
G_사막	Gb_사막_8082_-3234	2694	-1078	99	95	7.7	70,59,56	Rock
G_사막	Gb_사막_6302_-2186	2101	-729	91	81	6.4	70,59,56	Rock
G_사막	Gb_사막_8689_-3714	2897	-1238	108	110	-0.1	70,59,56	Rock
G_사막	Gb_사막_8988_-3237	2996	-1079	111	110	2.0	70,59,56	Rock
G_사막	Gb_사막_7797_-3540	2599	-1180	105	110	5.1	70,59,56	Rock
G_사막	Gs_사막_6451_-2500	2150	-833	106	106	11.1	220,194,139	Sand
G_사막	Gb_사막_7060_-2036	2353	-678	114	114	11.9	70,59,56	Rock
G_사막	Gs_사막_6157_-2037	2052	-679	115	112	9.3	217,192,137	Sand
G_사막	Gb_사막_6133_-2635	2045	-878	104	104	2.6	70,59,56	Rock
G_사막	Gb_사막_8249_-3706	2750	-1235	104	110	1.9	70,59,56	Rock
G_사막	Gs_사막_9311_-2651	3104	-883	110	112	6.7	223,198,144	Sand
G_사막	Gs_사막_6302_-2186	2101	-729	95	85	11.1	222,196,141	Sand
G_사막	Gb_사막_7187_-3695	2396	-1231	100	95	-0.3	70,59,56	Rock
G_사막	Gs_사막_7341_-3684	2447	-1228	123	123	4.7	228,213,174	Sand
G_사막	Gs_사막_8689_-3714	2897	-1238	112	115	4.5	228,212,173	Sand
G_사막	Gs_사막_8249_-3706	2750	-1235	109	115	6.5	229,214,176	Sand
G_사막	Gs_사막_9291_-2518	3097	-839	95	93	6.7	216,195,147	Sand
G_사막	Gs_사막_7205_-3238	2402	-1079	102	104	6.9	215,195,148	Sand
G_사막	Gs_사막_7198_-2797	2399	-932	117	116	12.7	223,198,145	Sand
G_사막	Gb_사막_9007_-3093	3003	-1031	105	109	2.9	70,59,56	Rock
G_사막	Gb_사막_9737_-3089	3246	-1029	109	110	10.8	70,59,56	Rock
G_사막	Gs_사막_6133_-2635	2045	-878	108	108	7.3	212,191,143	Sand
G_사막	Gs_사막_6605_-2343	2202	-781	106	101	13.8	223,198,143	Sand
G_사막	Gb_사막_7497_-3103	2499	-1034	107	106	9.1	70,59,56	Rock
G_사막	Gb_사막_6432_-2187	2144	-729	84	75	8.4	70,59,56	Rock
G_사막	Gb_사막_8541_-3113	2847	-1037	111	109	6.2	70,59,56	Rock
G_사막	Gs_사막_5236_-2507	1745	-836	116	112	4.8	228,212,173	Sand
G_사막	Gb_사막_6448_-1592	2149	-531	101	104	1.9	70,59,56	Rock
G_사막	Gb_사막_7341_-3684	2447	-1228	118	118	0.0	70,59,56	Rock
G_사막	Gs_사막_5239_-2367	1746	-789	101	100	6.4	227,210,169	Sand
G_사막	Gb_사막_6138_-984	2046	-328	91	88	-1.5	70,59,56	Rock
G_사막	Gb_사막_5236_-2507	1745	-836	111	107	0.1	70,59,56	Rock
G_사막	Gb_사막_8401_-2353	2800	-784	105	108	2.3	70,59,56	Rock
G_사막	Gs_사막_7495_-2355	2498	-785	113	114	17.3	222,197,142	Sand
G_사막	Gb_사막_7205_-3238	2402	-1079	98	100	2.2	70,59,56	Rock
G_사막	Gs_사막_9007_-3093	3003	-1031	110	114	7.6	214,189,135	Sand
G_사막	Gs_사막_9767_-3703	3256	-1234	100	96	3.4	229,213,175	Sand
G_사막	Gs_사막_8541_-3113	2847	-1037	115	113	10.9	219,193,138	Sand
G_사막	Gs_사막_9137_-2803	3046	-934	88	93	7.4	215,190,135	Sand
G_사막	Gs_사막_8413_-3266	2805	-1089	106	105	12.5	223,198,144	Sand
G_사막	Gs_사막_6739_-2805	2247	-935	115	112	11.6	223,198,144	Sand
G_사막	Gb_사막_8413_-3266	2805	-1089	102	101	7.8	70,59,56	Rock
G_사막	Gb_사막_9767_-3703	3256	-1234	96	92	-1.2	70,59,56	Rock
G_사막	Gs_사막_9302_-3557	3101	-1185	103	101	6.9	227,209,167	Sand
G_사막	Gb_사막_10810_-3265	3603	-1088	88	94	-0.2	70,59,56	Rock
G_사막	Gb_사막_7495_-2355	2498	-785	109	110	12.6	70,59,56	Rock
G_사막	Gb_사막_6739_-2805	2247	-935	110	107	6.9	70,59,56	Rock
G_사막	Gs_사막_10363_-2653	3455	-884	109	110	3.2	224,209,169	Sand
G_사막	Gb_사막_5994_-2662	1998	-887	79	85	2.1	70,59,56	Rock
G_사막	Gb_사막_8114_-1908	2705	-636	79	82	-1.3	70,59,56	Rock
G_사막	Gs_사막_9450_-2203	3150	-734	104	105	3.2	229,214,176	Sand
G_사막	Gs_사막_8401_-2353	2800	-784	109	113	7.0	217,191,136	Sand
G_사막	Gs_사막_9016_-3418	3006	-1139	114	113	6.4	216,194,147	Sand
G_사막	Gs_사막_10810_-3265	3603	-1088	92	98	4.5	221,205,166	Sand
G_사막	Gs_사막_6289_-2489	2096	-829	116	116	10.0	222,196,141	Sand
G_사막	Gb_사막_9302_-3557	3101	-1185	99	97	2.2	70,59,56	Rock
G_사막	Gs_사막_6598_-2498	2200	-832	112	113	12.2	217,191,136	Sand
G_사막	Gb_사막_8711_-2637	2904	-879	83	78	5.3	70,59,56	Rock
G_사막	Gs_사막_6133_-2787	2044	-929	123	123	6.7	223,204,160	Sand
G_사막	Gb_사막_5843_-1143	1948	-381	86	84	-0.9	70,59,56	Rock
G_사막	Gb_사막_9016_-3418	3006	-1139	109	108	1.7	70,59,56	Rock
G_사막	Gb_사막_5844_-1435	1948	-478	99	97	-0.2	70,59,56	Rock
G_사막	Gb_사막_8692_-3243	2898	-1081	95	93	3.5	70,59,56	Rock
G_사막	Gb_사막_6598_-2498	2200	-832	108	108	7.5	70,59,56	Rock
G_사막	Gs_사막_7067_-1461	2356	-487	107	107	4.6	229,213,175	Sand
G_사막	Gb_사막_6289_-2489	2096	-829	111	112	5.4	70,59,56	Rock
G_사막	Gs_사막_7497_-3103	2499	-1034	112	111	13.8	218,193,138	Sand
G_사막	Gs_사막_9603_-2662	3201	-887	115	114	6.6	223,198,145	Sand
G_사막	Gb_사막_7067_-1461	2356	-487	103	102	-0.1	70,59,56	Rock
G_사막	Gs_사막_7791_-3264	2597	-1088	74	86	12.3	222,196,141	Sand
G_사막	Gb_사막_7210_-2515	2404	-838	114	114	12.1	70,59,56	Rock
G_사막	Gb_사막_7053_-2659	2351	-886	106	101	9.5	70,59,56	Rock
G_사막	Gb_사막_9013_-3688	3005	-1229	95	94	-1.4	70,59,56	Rock
G_사막	Gb_사막_7791_-3264	2597	-1088	71	83	7.7	70,59,56	Rock
G_사막	Gs_사막_7210_-2515	2404	-838	119	119	16.7	210,185,132	Sand
G_사막	Gs_사막_7053_-2659	2351	-886	110	105	14.1	220,194,139	Sand
G_사막	Gs_사막_8860_-1884	2953	-628	102	89	3.3	215,200,162	Sand
G_사막	Gs_사막_6146_-2496	2049	-832	107	109	8.4	223,198,144	Sand
G_사막	Gs_사막_10355_-3263	3452	-1088	108	109	6.6	227,210,168	Sand
G_사막	Gb_사막_7659_-1588	2553	-529	90	84	0.2	70,59,56	Rock
G_사막	Gb_사막_9137_-2803	3046	-934	85	89	2.7	70,59,56	Rock
G_사막	Gs_사막_7659_-1588	2553	-529	94	87	4.9	224,208,169	Sand
G_사막	Gb_사막_9603_-2662	3201	-887	110	110	2.0	70,59,56	Rock
G_사막	Gb_사막_10363_-2653	3455	-884	105	105	-1.4	70,59,56	Rock
G_사막	Gs_사막_7633_-1767	2545	-589	109	109	6.4	227,209,167	Sand
G_사막	Gb_사막_6446_-3409	2149	-1136	96	95	-1.0	70,59,56	Rock
G_사막	Gb_사막_6287_-2941	2096	-980	83	76	1.8	70,59,56	Rock
G_사막	Gs_사막_5844_-1435	1948	-478	103	101	4.5	218,202,164	Sand
G_사막	Gs_사막_9013_-3688	3005	-1229	99	97	3.2	215,200,162	Sand
G_사막	Gb_사막_7062_-2789	2354	-929	109	108	8.2	70,59,56	Rock
G_사막	Gs_사막_6454_-3246	2151	-1082	118	116	4.4	229,214,176	Sand
G_사막	Gb_사막_8704_-3397	2901	-1132	105	107	3.6	70,59,56	Rock
G_사막	Gb_사막_5852_-2043	1951	-681	75	69	1.9	70,59,56	Rock
G_사막	Gb_사막_8686_-3550	2895	-1183	116	116	2.9	70,59,56	Rock
G_사막	Gs_사막_7797_-3540	2599	-1180	109	115	9.8	218,201,159	Sand
G_사막	Gs_사막_6737_-1317	2246	-439	103	103	6.4	226,208,164	Sand
G_사막	Gs_사막_8846_-3540	2949	-1180	99	100	6.5	227,209,167	Sand
G_사막	Gs_사막_8711_-2637	2904	-879	87	81	9.9	222,196,141	Sand
G_사막	Gb_사막_5701_-2655	1901	-885	104	102	1.8	70,59,56	Rock
G_사막	Gs_사막_6159_-1140	2053	-380	101	109	6.3	227,210,168	Sand
G_사막	Gs_사막_10365_-3397	3455	-1132	106	111	3.7	215,200,162	Sand
G_사막	Gs_사막_7062_-2789	2354	-929	113	113	12.9	220,194,139	Sand
G_사막	Gs_사막_8689_-2054	2897	-685	106	100	6.2	221,204,161	Sand
G_사막	Gb_사막_8846_-3540	2949	-1180	95	96	1.8	70,59,56	Rock
G_사막	Gs_사막_8686_-3550	2895	-1183	121	121	7.6	227,209,166	Sand
G_사막	Gs_사막_6590_-3240	2197	-1080	90	99	6.5	214,197,156	Sand
G_사막	Gb_사막_6737_-1317	2246	-439	99	99	1.8	70,59,56	Rock
G_사막	Gb_사막_5849_-1758	1950	-586	107	110	1.8	70,59,56	Rock
G_사막	Gb_사막_10355_-3263	3452	-1088	104	104	1.9	70,59,56	Rock
G_사막	Gb_사막_7198_-2797	2399	-932	112	112	8.1	70,59,56	Rock
G_사막	Gs_사막_5701_-2655	1901	-885	108	107	6.4	219,198,151	Sand
G_사막	Gb_사막_10337_-3086	3446	-1029	95	100	2.0	70,59,56	Rock
G_사막	Gs_사막_10337_-3086	3446	-1029	99	104	6.7	224,203,155	Sand
G_사막	Gb_사막_6465_-2816	2155	-938	95	94	2.7	70,59,56	Rock
G_사막	Gs_사막_5849_-1758	1950	-586	112	115	6.5	214,192,144	Sand
G_사막	Gb_사막_6741_-1133	2247	-377	86	87	0.1	70,59,56	Rock
G_사막	Gs_사막_6883_-2659	2294	-886	81	83	13.1	222,197,143	Sand
G_사막	Gs_사막_6741_-1133	2247	-377	90	91	4.8	216,201,163	Sand
G_사막	Gb_사막_7038_-3265	2346	-1088	101	96	1.9	70,59,56	Rock
G_사막	Gb_사막_6883_-2659	2294	-886	78	80	8.4	70,59,56	Rock
G_사막	Gs_사막_7038_-3265	2346	-1088	106	100	6.6	226,208,164	Sand
G_사막	Gb_사막_6883_-1761	2295	-587	114	114	8.3	70,59,56	Rock
G_사막	Gb_사막_8992_-3562	2997	-1187	97	99	1.7	70,59,56	Rock
G_사막	Gb_사막_6159_-1140	2053	-380	97	105	1.6	70,59,56	Rock
G_사막	Gs_사막_7654_-2942	2552	-981	89	76	19.6	91,73,65	Basalt
G_사막	Gb_사막_7633_-1767	2545	-589	105	105	1.7	70,59,56	Rock
G_사막	Gs_사막_6465_-2816	2155	-938	99	98	7.4	213,190,138	Sand
G_사막	Gb_사막_8104_-2640	2701	-880	96	105	10.1	70,59,56	Rock
G_사막	Gb_사막_7213_-1903	2404	-634	111	110	6.2	70,59,56	Rock
G_사막	Gs_사막_6914_-1906	2305	-635	87	87	17.7	220,194,138	Sand
G_사막	Gb_사막_7654_-2942	2552	-981	85	73	15.0	70,59,56	Rock
G_사막	Gs_사막_8715_-2518	2905	-839	105	98	8.7	217,192,137	Sand
G_사막	Gb_사막_8715_-2518	2905	-839	101	94	4.0	70,59,56	Rock
G_사막	Gs_사막_8992_-3562	2997	-1187	101	103	6.3	224,206,163	Sand
G_사막	Gs_사막_6883_-1761	2295	-587	119	118	13.0	224,200,149	Sand
G_사막	Gs_사막_6446_-3409	2149	-1136	100	99	3.6	222,207,167	Sand
G_사막	Gb_사막_7510_-3562	2503	-1187	97	99	2.3	70,59,56	Rock
G_사막	Gb_사막_6914_-1906	2305	-635	84	84	13.0	70,59,56	Rock
G_사막	Gs_사막_6617_-2195	2206	-731	74	80	16.1	210,186,132	Sand
G_사막	Gs_사막_10510_-3256	3503	-1085	112	108	6.5	218,201,159	Sand
G_사막	Gb_사막_9891_-2214	3297	-738	101	105	-0.9	70,59,56	Rock
G_사막	Gb_사막_5548_-2955	1850	-985	101	100	-1.1	70,59,56	Rock
G_사막	Gb_사막_6617_-2195	2206	-731	71	77	11.4	70,59,56	Rock
G_사막	Gs_사막_8104_-2640	2701	-880	100	109	14.8	214,189,135	Sand
G_사막	Gs_사막_8393_-1906	2798	-635	101	103	3.3	214,199,162	Sand
G_사막	Gs_사막_7938_-2659	2646	-886	107	112	17.5	222,197,142	Sand
G_사막	Gs_사막_8693_-2787	2898	-929	114	110	12.6	216,190,136	Sand
G_사막	Gs_사막_5560_-2643	1853	-881	102	105	6.9	227,209,167	Sand
G_사막	Gs_사막_7513_-2950	2504	-983	90	87	18.1	216,191,136	Sand
G_사막	Gb_사막_6899_-1614	2300	-538	82	87	2.5	70,59,56	Rock
G_사막	Gb_사막_7513_-2950	2504	-983	86	83	13.5	70,59,56	Rock
G_사막	Gs_사막_9156_-3115	3052	-1038	99	98	6.9	209,184,132	Sand
G_사막	Gs_사막_8086_-2956	2695	-985	109	112	15.6	222,196,141	Sand
G_사막	Gs_사막_8549_-2215	2850	-738	105	101	6.9	224,202,153	Sand
G_사막	Gb_사막_8541_-2065	2847	-688	96	102	1.6	70,59,56	Rock
G_사막	Gb_사막_9156_-3115	3052	-1038	95	94	2.2	70,59,56	Rock
G_사막	Gs_사막_7653_-2189	2551	-730	98	105	11.9	218,193,138	Sand
G_사막	Gb_사막_5560_-2643	1853	-881	98	101	2.2	70,59,56	Rock
G_사막	Gb_사막_7499_-1912	2500	-637	101	104	3.2	70,59,56	Rock
G_사막	Gs_사막_6005_-1157	2002	-385	84	93	4.6	229,214,176	Sand
G_사막	Gb_사막_8549_-2215	2850	-738	101	97	2.2	70,59,56	Rock
G_사막	Gb_사막_5704_-2786	1902	-929	93	90	1.7	70,59,56	Rock
G_사막	Gb_사막_7942_-2965	2648	-988	109	110	12.1	70,59,56	Rock
G_사막	Gs_사막_6899_-1614	2300	-538	85	91	7.1	226,205,159	Sand
G_사막	Gb_사막_8393_-1906	2798	-635	97	99	-1.3	70,59,56	Rock
G_사막	Gs_사막_5704_-2786	1902	-929	97	93	6.3	217,200,158	Sand
G_사막	Gs_사막_7942_-2965	2648	-988	113	114	16.8	212,187,133	Sand
G_사막	Gb_사막_7486_-3248	2495	-1083	104	103	5.6	70,59,56	Rock
G_사막	Gs_사막_5687_-1615	1896	-538	105	108	6.1	228,211,170	Sand
G_사막	Gb_사막_5687_-1615	1896	-538	101	104	1.4	70,59,56	Rock
G_사막	Gb_사막_7663_-2483	2555	-828	110	110	14.0	70,59,56	Rock
G_사막	Gb_사막_8086_-2956	2695	-985	105	107	10.9	70,59,56	Rock
G_사막	Gs_사막_5852_-2043	1951	-681	78	72	6.6	214,189,135	Sand
G_사막	Gb_사막_8693_-2787	2898	-929	110	106	7.9	70,59,56	Rock
G_사막	Gs_사막_7663_-2483	2555	-828	115	115	18.7	95,77,69	Basalt
G_사막	Gb_사막_9591_-3407	3197	-1136	103	99	10.5	70,59,56	Rock
G_사막	Gb_사막_6005_-1157	2002	-385	80	89	-0.1	70,59,56	Rock
G_사막	Gs_사막_8692_-3243	2898	-1081	99	97	8.2	210,185,132	Sand
G_사막	Gb_사막_7515_-2508	2505	-836	84	85	14.7	70,59,56	Rock
G_사막	Gb_사막_5244_-2037	1748	-679	88	78	1.6	70,59,56	Rock
G_사막	Gb_사막_9603_-3261	3201	-1087	98	100	17.2	70,59,56	Rock
G_사막	Gs_사막_7367_-1606	2456	-535	105	106	6.4	222,205,162	Sand
G_사막	Gs_사막_9603_-3261	3201	-1087	103	104	21.9	226,206,160	Sand
G_사막	Gs_사막_6450_-1745	2150	-581	92	99	9.1	222,196,141	Sand
G_사막	Gb_사막_8239_-3233	2746	-1078	86	84	7.9	70,59,56	Rock
G_사막	Gs_사막_7510_-3562	2503	-1187	102	104	7.0	221,203,161	Sand
G_사막	Gb_사막_7346_-2037	2449	-679	99	104	6.4	70,59,56	Rock
G_사막	Gs_사막_9591_-3407	3197	-1136	107	103	15.2	226,207,163	Sand
G_사막	Gs_사막_7515_-2508	2505	-836	87	88	19.4	94,76,68	Basalt
G_사막	Gb_사막_6450_-1745	2150	-581	88	95	4.4	70,59,56	Rock
G_사막	Gs_사막_8694_-2337	2898	-779	110	113	6.9	220,196,143	Sand
G_사막	Gb_사막_8694_-2337	2898	-779	106	109	2.3	70,59,56	Rock
G_사막	Gs_사막_5091_-2056	1697	-685	101	107	3.3	229,214,176	Sand
G_사막	Gs_사막_7216_-2962	2405	-987	80	92	10.8	223,198,143	Sand
G_사막	Gs_사막_8114_-1908	2705	-636	83	86	3.4	217,202,164	Sand
G_사막	Gb_사막_5091_-2056	1697	-685	97	103	-1.3	70,59,56	Rock
G_사막	Gs_사막_6466_-994	2156	-331	109	110	3.5	228,212,172	Sand
G_사막	Gs_사막_7486_-3248	2495	-1083	108	107	10.3	222,197,143	Sand
G_사막	Gs_사막_8843_-2660	2948	-887	94	97	10.1	217,192,137	Sand
G_사막	Gs_사막_6443_-2352	2148	-784	80	90	13.1	222,196,140	Sand
G_사막	Gb_사막_8843_-2660	2948	-887	90	93	5.5	70,59,56	Rock
G_사막	Gb_사막_7216_-2962	2405	-987	77	88	6.1	70,59,56	Rock
G_사막	Gs_사막_10335_-2959	3445	-986	92	99	6.6	227,210,167	Sand
G_사막	Gb_사막_6443_-2352	2148	-784	77	86	8.4	70,59,56	Rock
G_사막	Gb_사막_10510_-3256	3503	-1085	107	104	1.9	70,59,56	Rock
G_사막	Gb_사막_5698_-2186	1899	-729	104	104	1.9	70,59,56	Rock
G_사막	Gs_사막_5698_-2186	1899	-729	109	109	6.5	214,189,135	Sand
G_사막	Gs_사막_9157_-2216	3053	-739	112	110	3.7	223,207,168	Sand
G_사막	Gs_사막_5843_-1143	1948	-381	90	87	3.8	229,214,176	Sand
G_사막	Gb_사막_9157_-2216	3053	-739	107	105	-1.0	70,59,56	Rock
G_사막	Gb_사막_8537_-2786	2846	-928	101	89	8.0	70,59,56	Rock
G_사막	Gs_사막_5843_-1594	1948	-531	102	102	6.7	220,202,158	Sand
G_사막	Gs_사막_5693_-2041	1898	-680	97	97	7.0	211,188,137	Sand
G_사막	Gb_사막_7342_-3115	2448	-1038	91	85	6.1	70,59,56	Rock
G_사막	Gb_사막_5843_-1594	1948	-531	98	98	2.0	70,59,56	Rock
G_사막	Gb_사막_5693_-2041	1898	-680	93	94	2.3	70,59,56	Rock
G_사막	Gb_사막_6732_-2490	2244	-830	102	100	8.1	70,59,56	Rock
G_사막	Gb_사막_6751_-2955	2251	-985	80	80	5.4	70,59,56	Rock
G_사막	Gs_사막_10032_-2806	3344	-935	109	109	6.8	222,201,153	Sand
G_사막	Gs_사막_8537_-2786	2846	-928	105	93	12.7	211,187,133	Sand
G_사막	Gs_사막_6732_-2490	2244	-830	106	104	12.7	212,187,133	Sand
G_사막	Gs_사막_8988_-2507	2996	-836	93	99	7.4	215,193,145	Sand
G_사막	Gb_사막_10335_-2959	3445	-986	89	95	2.0	70,59,56	Rock
G_사막	Gs_사막_6751_-2955	2251	-985	84	84	10.0	208,184,131	Sand
G_사막	Gs_사막_9599_-3566	3200	-1189	116	117	7.5	228,211,170	Sand
G_사막	Gb_사막_8397_-3401	2799	-1133	98	103	7.7	70,59,56	Rock
G_사막	Gb_사막_10032_-2806	3344	-935	104	105	2.2	70,59,56	Rock
G_사막	Gb_사막_6598_-1002	2199	-334	88	88	-0.9	70,59,56	Rock
G_사막	Gs_사막_8397_-3401	2799	-1133	102	107	12.4	224,201,150	Sand
G_사막	Gb_사막_7517_-1766	2506	-589	108	101	2.5	70,59,56	Rock
G_사막	Gb_사막_9599_-3566	3200	-1189	112	112	2.8	70,59,56	Rock
G_사막	Gs_사막_6598_-1002	2199	-334	92	92	3.8	229,214,176	Sand
G_사막	Gs_사막_6904_-1463	2301	-488	124	124	6.4	219,201,157	Sand
G_사막	Gb_사막_7667_-2641	2556	-880	93	93	16.9	70,59,56	Rock
G_사막	Gs_사막_7342_-3115	2448	-1038	94	88	10.8	223,198,144	Sand
G_사막	Gs_사막_7517_-1766	2506	-589	112	105	7.2	226,206,160	Sand
G_사막	Gs_사막_5686_-2363	1895	-788	86	97	6.6	223,198,144	Sand
G_사막	Gs_사막_10353_-2815	3451	-938	123	124	6.6	219,202,160	Sand
G_사막	Gs_사막_9744_-2349	3248	-783	120	119	6.0	227,210,168	Sand
G_사막	Gs_사막_9300_-2197	3100	-732	97	96	3.8	225,209,170	Sand
G_사막	Gb_사막_7938_-2659	2646	-886	103	107	12.9	70,59,56	Rock
G_사막	Gs_사막_7194_-1468	2398	-489	117	114	3.6	229,214,176	Sand
G_사막	Gs_사막_6458_-3115	2153	-1038	101	102	6.7	219,201,157	Sand
G_사막	Gs_사막_7488_-2804	2496	-935	105	108	21.1	96,78,70	Basalt
G_사막	Gb_사막_5686_-2363	1895	-788	82	93	1.9	70,59,56	Rock
G_사막	Gb_사막_7194_-1468	2398	-489	113	109	-1.1	70,59,56	Rock
G_사막	Gs_사막_8110_-2218	2704	-739	96	90	8.7	226,205,158	Sand
G_사막	Gs_사막_6891_-1316	2297	-438	106	113	4.5	228,212,173	Sand
G_사막	Gb_사막_10353_-2815	3451	-938	119	119	2.0	70,59,56	Rock
G_사막	Gb_사막_7653_-2189	2551	-730	94	101	7.2	70,59,56	Rock
G_사막	Gs_사막_10788_-3087	3596	-1029	119	119	3.3	220,205,166	Sand
G_사막	Gs_사막_5266_-2646	1756	-882	100	107	3.2	221,205,166	Sand
G_사막	Gb_사막_8086_-2058	2695	-686	100	93	2.0	70,59,56	Rock
G_사막	Gs_사막_9891_-2214	3297	-738	105	109	3.8	216,200,162	Sand
G_사막	Gb_사막_6308_-2042	2103	-681	92	95	6.8	70,59,56	Rock
G_사막	Gb_사막_6891_-1316	2297	-438	102	108	-0.2	70,59,56	Rock
G_사막	Gb_사막_6458_-3115	2153	-1038	97	98	2.0	70,59,56	Rock
G_사막	Gb_사막_10788_-3087	3596	-1029	114	114	-1.4	70,59,56	Rock
G_사막	Gb_사막_9451_-2506	3151	-835	73	82	2.0	70,59,56	Rock
G_사막	Gb_사막_6147_-3104	2049	-1034	101	93	-1.2	70,59,56	Rock
G_사막	Gb_사막_6904_-1463	2301	-488	119	119	1.7	70,59,56	Rock
G_사막	Gs_사막_6308_-2042	2103	-681	96	99	11.5	212,188,134	Sand
G_사막	Gb_사막_8110_-2218	2704	-739	93	86	4.1	70,59,56	Rock
G_사막	Gb_사막_10047_-2966	3349	-988	113	113	1.7	70,59,56	Rock
G_사막	Gs_사막_9451_-2506	3151	-835	76	85	6.7	224,202,153	Sand
G_사막	Gs_사막_6147_-3104	2049	-1034	106	97	3.4	229,214,175	Sand
G_사막	Gb_사막_10039_-2509	3347	-836	79	80	1.8	70,59,56	Rock
G_사막	Gb_사막_7499_-2218	2500	-739	86	91	8.9	70,59,56	Rock
G_사막	Gb_사막_5404_-2639	1801	-880	107	108	-0.3	70,59,56	Rock
G_사막	Gs_사막_8540_-2496	2847	-832	92	101	8.0	211,186,133	Sand
G_사막	Gs_사막_10047_-2966	3349	-988	118	118	6.3	212,188,137	Sand
G_사막	Gb_사막_5113_-2340	1705	-780	108	110	-1.3	70,59,56	Rock
G_사막	Gs_사막_6617_-2656	2206	-885	96	104	11.1	212,187,134	Sand
G_사막	Gb_사막_6916_-3243	2306	-1081	113	110	1.3	70,59,56	Rock
G_사막	Gs_사막_10039_-2509	3347	-836	82	83	6.4	217,200,158	Sand
G_사막	Gs_사막_7499_-2218	2500	-739	89	95	13.6	216,191,136	Sand
G_사막	Gb_사막_7056_-3401	2352	-1133	89	77	0.2	70,59,56	Rock
G_사막	Gb_사막_8567_-2654	2856	-885	78	85	5.5	70,59,56	Rock
G_사막	Gs_사막_7056_-3401	2352	-1133	93	80	4.9	218,202,164	Sand
G_사막	Gs_사막_8086_-2058	2695	-686	104	97	6.6	221,203,161	Sand
G_사막	Gs_사막_6916_-3243	2306	-1081	117	115	6.0	213,196,155	Sand
G_사막	Gs_사막_8410_-3102	2803	-1034	99	102	12.3	220,194,139	Sand
G_사막	Gb_사막_9744_-2349	3248	-783	115	114	1.3	70,59,56	Rock
G_사막	Gs_사막_5404_-2639	1801	-880	112	113	4.4	221,206,167	Sand
G_사막	Gb_사막_8252_-1896	2751	-632	112	114	-1.0	70,59,56	Rock
G_사막	Gs_사막_5113_-2340	1705	-780	112	115	3.4	226,210,170	Sand
G_사막	Gb_사막_9163_-3241	3054	-1080	104	105	2.3	70,59,56	Rock
G_사막	Gb_사막_9611_-2483	3204	-828	106	102	2.2	70,59,56	Rock
G_사막	Gb_사막_8540_-2496	2847	-832	89	97	3.4	70,59,56	Rock
G_사막	Gs_사막_10793_-3398	3598	-1133	95	100	3.4	224,208,169	Sand
G_사막	Gs_사막_8252_-3543	2751	-1181	96	94	11.6	227,210,168	Sand
G_사막	Gb_사막_5266_-2646	1756	-882	96	103	-1.5	70,59,56	Rock
G_사막	Gb_사막_8410_-3102	2803	-1034	95	98	7.6	70,59,56	Rock
G_사막	Gb_사막_6617_-2656	2206	-885	92	100	6.4	70,59,56	Rock
G_사막	Gs_사막_6157_-2934	2052	-978	95	93	4.7	218,203,164	Sand
G_사막	Gs_사막_9611_-2483	3204	-828	111	106	6.8	225,204,156	Sand
G_사막	Gb_사막_9444_-3414	3148	-1138	104	103	7.4	70,59,56	Rock
G_사막	Gs_사막_6002_-2203	2001	-734	105	104	6.7	213,188,134	Sand
G_사막	Gb_사막_10061_-2201	3354	-733	76	73	-1.4	70,59,56	Rock
G_사막	Gb_사막_6755_-2668	2252	-889	96	96	7.2	70,59,56	Rock
G_사막	Gb_사막_7804_-2964	2602	-988	96	94	13.4	70,59,56	Rock
G_사막	Gs_사막_7941_-1911	2647	-637	98	85	4.4	228,213,174	Sand
G_사막	Gs_사막_9444_-3414	3148	-1138	108	108	12.0	224,202,153	Sand
G_사막	Gs_사막_7058_-2516	2353	-838	116	118	15.4	223,199,146	Sand
G_사막	Gs_사막_10061_-2201	3354	-733	79	76	3.3	228,212,173	Sand
G_사막	Gb_사막_8988_-2507	2996	-836	89	95	2.7	70,59,56	Rock
G_사막	Gb_사막_7334_-3846	2445	-1282	84	90	-0.9	70,59,56	Rock
G_사막	Gb_사막_8553_-3234	2851	-1078	106	104	5.6	70,59,56	Rock
G_사막	Gs_사막_9446_-3536	3149	-1178	107	106	7.7	222,204,162	Sand
G_사막	Gb_사막_6157_-2934	2052	-978	91	89	0.0	70,59,56	Rock
G_사막	Gb_사막_9464_-3256	3155	-1085	85	87	12.2	70,59,56	Rock
G_사막	Gb_사막_8252_-3543	2751	-1181	92	90	6.9	70,59,56	Rock
G_사막	Gs_사막_7806_-1766	2602	-588	83	79	4.4	220,204,166	Sand
G_사막	Gb_사막_7055_-2938	2352	-979	77	77	6.1	70,59,56	Rock
G_사막	Gb_사막_7941_-1911	2647	-637	94	82	-0.3	70,59,56	Rock
G_사막	Gs_사막_8561_-3563	2854	-1188	114	114	9.6	217,199,158	Sand
G_사막	Gb_사막_7806_-1766	2602	-588	80	76	-0.3	70,59,56	Rock
G_사막	Gb_사막_8258_-2808	2753	-936	99	105	10.4	70,59,56	Rock
G_사막	Gs_사막_5852_-2339	1951	-780	76	72	6.6	222,197,142	Sand
G_사막	Gb_사막_9446_-3536	3149	-1178	102	102	3.0	70,59,56	Rock
G_사막	Gs_사막_7055_-2938	2352	-979	81	80	10.7	222,196,140	Sand
G_사막	Gs_사막_7334_-3846	2445	-1282	88	94	3.8	228,213,174	Sand
G_사막	Gs_사막_9902_-2784	3301	-928	78	88	6.4	224,201,151	Sand
G_사막	Gs_사막_10067_-2660	3356	-887	113	112	6.5	225,206,162	Sand
G_사막	Gb_사막_7366_-3268	2455	-1089	105	104	4.2	70,59,56	Rock
G_사막	Gs_사막_8263_-3104	2755	-1035	102	99	13.1	223,198,145	Sand
G_사막	Gb_사막_7488_-2804	2496	-935	101	104	16.5	70,59,56	Rock
G_사막	Gb_사막_8561_-3563	2854	-1188	110	110	4.9	70,59,56	Rock
G_사막	Gs_사막_8243_-2961	2748	-987	92	96	14.1	223,197,143	Sand
G_사막	Gs_사막_8258_-2808	2753	-936	104	110	15.0	222,196,141	Sand
G_사막	Gs_사막_7804_-2964	2602	-988	100	98	18.1	222,197,142	Sand
G_사막	Gb_사막_5866_-2184	1956	-728	108	104	1.9	70,59,56	Rock
G_사막	Gb_사막_7360_-2806	2453	-935	103	100	12.6	70,59,56	Rock
G_사막	Gb_사막_7639_-1900	2547	-633	98	100	1.9	70,59,56	Rock
G_사막	Gb_사막_5852_-2339	1951	-780	73	69	1.9	70,59,56	Rock
G_사막	Gb_사막_8257_-2668	2752	-889	111	107	8.1	70,59,56	Rock
G_사막	Gb_사막_8243_-2961	2748	-987	88	92	9.4	70,59,56	Rock
G_사막	Gs_사막_8257_-2668	2752	-889	116	112	12.8	222,197,142	Sand
G_사막	Gb_사막_9902_-2784	3301	-928	75	84	1.8	70,59,56	Rock
G_사막	Gb_사막_7058_-2516	2353	-838	111	114	10.7	70,59,56	Rock
G_사막	Gs_사막_10184_-3241	3395	-1080	99	85	6.3	226,208,165	Sand
G_사막	Gs_사막_8239_-3233	2746	-1078	89	88	12.5	223,199,146	Sand
G_사막	Gs_사막_8410_-2048	2803	-682	108	105	6.3	223,205,162	Sand
G_사막	Gb_사막_6606_-3105	2202	-1035	112	114	2.5	70,59,56	Rock
G_사막	Gb_사막_6002_-2203	2001	-734	101	100	2.0	70,59,56	Rock
G_사막	Gb_사막_8263_-3104	2755	-1035	98	95	8.4	70,59,56	Rock
G_사막	Gs_사막_9599_-2947	3200	-982	96	95	13.3	222,196,140	Sand
Mountains	Mt_사막_7600_-2800_L0_3_0	2617	-942	63	69	25.3	178,104,68	Sandstone
Mountains	Mt_사막_7600_-2800_L2_1_1	2537	-920	25	32	39.0	191,135,93	Sandstone
Mountains	Mt_사막_7600_-2800_L2_1_3	2534	-885	40	40	39.0	192,135,94	Sandstone
Mountains	Mt_사막_6800_-2000_L3_0_1	2248	-658	22	22	37.7	200,154,110	Sandstone
Mountains	Mt_사막_6800_-2000_L3_1_-2	2258	-691	27	25	36.6	200,155,110	Sandstone
Mountains	Mt_사막_7600_-2800_L0_2_-1	2585	-975	55	48	27.4	178,104,68	Sandstone
Mountains	Mt_사막_7600_-2800_L2_1_2	2533	-901	43	43	37.8	194,142,99	Sandstone
Mountains	Mt_사막_6800_-2000_L3_0_2	2248	-646	21	20	36.7	205,165,119	Sandstone
Mountains	Mt_사막_7600_-2800_L0_2_-2	2585	-1000	68	74	25.9	178,104,68	Sandstone
Mountains	Mt_사막_7600_-2800_L3_-1_-2	2504	-956	20	18	44.2	205,165,119	Sandstone
Mountains	Mt_사막_7600_-2800_L0_2_-3	2586	-1033	76	78	24.9	179,107,70	Sandstone
Mountains	Mt_사막_7600_-2800_L3_-2_-2	2494	-958	22	23	44.7	202,158,113	Sandstone
Mountains	Mt_사막_6800_-2000_L3_1_-1	2261	-681	21	18	36.7	200,153,109	Sandstone
Mountains	Mt_사막_7600_-2800_L0_2_1	2582	-901	82	83	26.5	179,107,71	Sandstone
Mountains	Mt_사막_6800_-2000_L2_3_0	2295	-668	28	30	32.4	196,146,103	Sandstone
Mountains	Mt_사막_7600_-2800_L0_2_0	2578	-934	78	75	25.2	178,104,68	Sandstone
Mountains	Mt_사막_7600_-2800_L3_-2_0	2496	-934	24	24	45.4	203,161,116	Sandstone
Mountains	Mt_사막_6800_-2000_L3_1_0	2261	-670	23	24	35.8	198,150,106	Sandstone
Mountains	Mt_사막_7600_-2800_L3_-2_-1	2496	-945	25	25	43.6	200,153,109	Sandstone
Mountains	Mt_사막_7600_-2800_L0_-1_0	2481	-939	74	77	27.0	179,106,69	Sandstone
Mountains	Mt_사막_6800_-2000_L2_3_-1	2295	-686	32	32	32.6	193,138,97	Sandstone
Mountains	Mt_사막_7600_-2800_L3_-1_2	2507	-913	26	26	44.4	199,152,108	Sandstone
Mountains	Mt_사막_7600_-2800_L0_-1_-2	2484	-1002	51	52	26.8	179,107,71	Sandstone
Mountains	Mt_사막_6800_-2000_L3_1_1	2260	-657	27	26	37.0	198,150,106	Sandstone
Mountains	Mt_사막_6800_-2000_L3_2_-1	2271	-679	19	22	36.7	202,158,113	Sandstone
Mountains	Mt_사막_7600_-2800_L3_-1_0	2506	-936	23	23	44.3	205,166,119	Sandstone
Mountains	Mt_사막_7600_-2800_L0_-1_-1	2482	-973	86	87	24.9	178,104,68	Sandstone
Mountains	Mt_사막_6800_-2000_L3_-1_0	2238	-668	22	22	37.2	202,158,113	Sandstone
Mountains	Mt_사막_6800_-2000_L2_3_-2	2296	-698	33	33	32.7	190,132,92	Sandstone
Mountains	Mt_사막_6800_-2000_L2_2_2	2280	-639	25	26	31.3	190,132,92	Sandstone
Mountains	Mt_사막_6800_-2000_L3_-1_1	2237	-657	23	21	36.5	203,160,115	Sandstone
Mountains	Mt_사막_7600_-2800_L0_-2_1	2451	-906	60	60	25.6	181,111,74	Sandstone
Mountains	Mt_사막_6800_-2000_L2_2_1	2281	-655	33	33	32.9	190,132,92	Sandstone
Mountains	Mt_사막_7600_-2800_L3_-1_-1	2506	-946	22	21	45.0	202,158,113	Sandstone
Mountains	Mt_사막_7600_-2800_L0_-2_-1	2449	-974	75	76	25.4	179,107,70	Sandstone
Mountains	Mt_사막_7600_-2800_L3_-2_1	2494	-923	27	27	45.0	199,153,109	Sandstone
Mountains	Mt_사막_6800_-2000_L3_-1_2	2237	-648	24	20	36.4	201,156,111	Sandstone
Mountains	Mt_사막_7600_-2800_L0_-1_-3	2480	-1038	81	82	25.6	180,110,73	Sandstone
Mountains	Mt_사막_6800_-2000_L2_2_0	2281	-669	38	38	31.6	197,147,104	Sandstone
Mountains	Mt_사막_7600_-2800_L1_-1_1	2492	-913	59	56	33.8	189,130,89	Sandstone
Mountains	Mt_사막_7600_-2800_L1_-1_2	2493	-885	54	53	32.8	186,123,84	Sandstone
Mountains	Mt_사막_7600_-2800_L0_-2_2	2448	-867	70	70	25.5	178,104,68	Sandstone
Mountains	Mt_사막_6800_-2000_L3_0_-2	2250	-690	28	28	37.1	204,164,118	Sandstone
Mountains	Mt_사막_6800_-2000_L3_0_-1	2250	-679	25	23	36.3	198,150,107	Sandstone
Mountains	Mt_사막_7600_-2800_L0_-2_0	2447	-942	62	69	26.4	178,104,68	Sandstone
Mountains	Mt_사막_7600_-2800_L1_-1_3	2490	-864	62	61	31.8	184,118,80	Sandstone
Mountains	Mt_사막_6800_-2000_L3_0_0	2248	-669	24	24	35.9	200,154,109	Sandstone
Mountains	Mt_사막_7600_-2800_L0_1_2	2554	-874	73	67	26.3	178,104,68	Sandstone
Mountains	Mt_사막_7600_-2800_L0_1_1	2547	-904	67	58	25.1	178,104,68	Sandstone
Mountains	Mt_사막_7600_-2800_L1_3_-1	2594	-963	64	63	32.8	188,128,88	Sandstone
Mountains	Mt_사막_7600_-2800_L1_3_0	2590	-936	53	56	32.5	189,130,89	Sandstone
Mountains	Mt_사막_7600_-2800_L1_1_2	2542	-889	61	61	31.4	183,117,79	Sandstone
Mountains	Mt_사막_6800_-2000_L2_3_1	2297	-653	36	33	31.4	191,134,93	Sandstone
Mountains	Mt_사막_7600_-2800_L0_-2_-3	2447	-1036	75	73	26.3	180,109,72	Sandstone
Mountains	Mt_사막_7600_-2800_L0_-2_-2	2451	-1004	70	69	25.9	180,110,73	Sandstone
Mountains	Mt_사막_7600_-2800_L1_0_-1	2519	-959	55	51	33.4	188,126,87	Sandstone
Mountains	Mt_사막_6800_-2000_L2_3_2	2295	-639	39	39	32.9	195,142,100	Sandstone
Mountains	Mt_사막_7600_-2800_L1_0_0	2519	-938	51	52	32.1	185,121,82	Sandstone
Mountains	Mt_사막_6800_-2000_L3_-2_0	2228	-668	20	20	37.6	200,155,110	Sandstone
Mountains	Mt_사막_7600_-2800_L0_0_3	2515	-835	57	56	24.8	178,106,69	Sandstone
Mountains	Mt_사막_7600_-2800_L1_0_-3	2521	-1015	48	51	32.6	188,128,88	Sandstone
Mountains	Mt_사막_6800_-2000_L3_-2_1	2227	-659	26	25	36.0	198,150,106	Sandstone
Mountains	Mt_사막_7600_-2800_L0_1_-3	2551	-1034	58	65	25.7	178,104,68	Sandstone
Mountains	Mt_사막_7600_-2800_L0_1_0	2554	-937	81	81	25.2	178,104,68	Sandstone
Mountains	Mt_사막_7600_-2800_L0_1_-2	2550	-1000	75	80	25.1	178,104,68	Sandstone
Mountains	Mt_사막_7600_-2800_L0_1_-1	2552	-975	65	67	26.0	178,104,68	Sandstone
Mountains	Mt_사막_7600_-2800_L1_0_-2	2521	-988	55	57	33.6	184,117,79	Sandstone
Mountains	Mt_사막_7600_-2800_L1_2_-2	2566	-986	50	52	32.8	183,116,78	Sandstone
Mountains	Mt_사막_6800_-2000_L3_-1_-2	2239	-690	25	27	37.0	204,163,117	Sandstone
Mountains	Mt_사막_9600_-3200_L1_3_-1	3257	-1088	58	57	28.4	183,116,78	Sandstone
Mountains	Mt_사막_6800_-2000_L3_-1_-1	2238	-680	21	22	36.1	201,156,112	Sandstone
Mountains	Mt_사막_7600_-2800_L1_2_-1	2569	-964	57	55	32.0	184,117,79	Sandstone
Mountains	Mt_사막_9600_-3200_L1_0_0	3189	-1067	50	51	28.7	184,118,80	Sandstone
Mountains	Mt_사막_6800_-2000_L2_2_-1	2280	-685	37	36	31.6	196,146,103	Sandstone
Mountains	Mt_사막_7600_-2800_L1_1_3	2539	-864	49	42	32.6	185,120,81	Sandstone
Mountains	Mt_사막_9600_-3200_L1_3_-2	3259	-1110	49	43	28.2	187,125,86	Sandstone
Mountains	Mt_사막_7600_-2800_L1_2_-3	2568	-1010	59	57	33.5	188,126,86	Sandstone
Mountains	Mt_사막_7600_-2800_L1_2_2	2571	-890	55	54	31.6	183,115,77	Sandstone
Mountains	Mt_사막_7600_-2800_L1_3_-2	2596	-984	59	55	31.9	186,123,83	Sandstone
Mountains	Mt_사막_9600_-3200_L1_0_-2	3189	-1112	50	48	28.8	183,115,77	Sandstone
Mountains	Mt_사막_9600_-3200_L1_0_-1	3187	-1087	56	55	29.4	188,127,87	Sandstone
Mountains	Mt_사막_9600_-3200_L1_0_1	3191	-1041	48	49	28.8	185,119,81	Sandstone
Mountains	Mt_사막_9600_-3200_L1_0_2	3191	-1020	51	51	28.8	182,113,76	Sandstone
Mountains	Mt_사막_7600_-2800_L1_2_0	2566	-937	56	56	31.7	183,116,78	Sandstone
Mountains	Mt_사막_9600_-3200_L1_0_-3	3191	-1132	45	49	28.2	188,128,88	Sandstone
Mountains	Mt_사막_9600_-3200_L1_1_2	3211	-1021	55	55	28.0	184,118,79	Sandstone
Mountains	Mt_사막_7600_-2800_L1_2_1	2571	-910	55	55	32.1	185,121,82	Sandstone
Mountains	Mt_사막_9600_-3200_L1_2_-2	3232	-1111	51	47	28.9	182,113,76	Sandstone
Mountains	Mt_사막_7600_-2800_L3_2_0	2540	-936	26	27	45.8	204,162,116	Sandstone
Mountains	Mt_사막_9600_-3200_L1_1_3	3210	-996	51	50	30.5	187,125,85	Sandstone
Mountains	Mt_사막_7600_-2800_L3_2_-1	2539	-946	22	23	44.3	199,151,107	Sandstone
Mountains	Mt_사막_9600_-3200_L1_2_1	3233	-1040	50	48	29.4	187,126,86	Sandstone
Mountains	Mt_사막_9600_-3200_L1_2_0	3235	-1067	42	43	30.2	186,122,83	Sandstone
Mountains	Mt_사막_7600_-2800_L3_1_1	2529	-925	25	26	45.5	203,160,115	Sandstone
Mountains	Mt_사막_9600_-3200_L1_2_2	3234	-1022	46	44	30.2	183,116,78	Sandstone
Mountains	Mt_사막_7600_-2800_L3_1_2	2528	-914	25	25	44.9	205,166,119	Sandstone
Mountains	Mt_사막_7600_-2800_L3_1_0	2528	-935	25	21	45.5	200,154,110	Sandstone
Mountains	Mt_사막_9600_-3200_L1_3_1	3254	-1042	50	52	29.7	188,127,87	Sandstone
Mountains	Mt_사막_9600_-3200_L1_2_3	3235	-995	55	54	29.8	185,121,82	Sandstone
Mountains	Mt_사막_7600_-2800_L1_1_1	2546	-913	43	39	31.9	188,128,88	Sandstone
Mountains	Mt_사막_9600_-3200_L1_4_1	3282	-1043	44	43	28.8	189,130,89	Sandstone
Mountains	Mt_사막_7600_-2800_L1_1_0	2545	-941	42	48	33.4	186,122,83	Sandstone
Mountains	Mt_사막_9600_-3200_L1_2_-1	3233	-1086	53	49	30.1	182,115,77	Sandstone
Mountains	Mt_사막_9600_-3200_L1_3_0	3256	-1064	52	52	28.7	183,117,79	Sandstone
Mountains	Mt_사막_9600_-3200_L1_-2_-3	3143	-1133	50	52	28.7	187,124,85	Sandstone
Mountains	Mt_사막_7600_-2800_L3_2_-2	2539	-957	25	24	43.8	204,163,117	Sandstone
Mountains	Mt_사막_9600_-3200_L1_-2_-1	3142	-1085	50	53	29.8	184,118,79	Sandstone
Mountains	Mt_사막_7600_-2800_L3_0_0	2516	-935	18	22	45.2	199,152,108	Sandstone
Mountains	Mt_사막_7600_-2800_L3_0_-2	2517	-957	24	24	46.8	203,162,116	Sandstone
Mountains	Mt_사막_9600_-3200_L1_-2_2	3140	-1021	45	50	28.1	184,118,79	Sandstone
Mountains	Mt_사막_7600_-2800_L3_0_-1	2518	-946	27	27	45.0	201,157,112	Sandstone
Mountains	Mt_사막_9600_-3200_L1_-1_3	3164	-994	53	53	28.5	182,114,76	Sandstone
Mountains	Mt_사막_6800_-2000_L0_-1_-3	2218	-760	69	60	21.9	178,105,69	Sandstone
Mountains	Mt_사막_9600_-3200_L1_-1_2	3167	-1021	59	59	28.2	187,125,85	Sandstone
Mountains	Mt_사막_9600_-3200_L1_-1_-2	3163	-1111	50	46	27.6	182,114,77	Sandstone
Mountains	Mt_사막_9600_-3200_L1_-2_-2	3142	-1112	52	48	29.1	188,127,87	Sandstone
Mountains	Mt_사막_7600_-2800_L3_0_1	2517	-926	23	23	46.2	200,154,109	Sandstone
Mountains	Mt_사막_9600_-3200_L1_-1_1	3166	-1039	56	56	29.3	189,128,88	Sandstone
Mountains	Mt_사막_7600_-2800_L3_0_2	2516	-912	25	22	44.9	200,155,110	Sandstone
Mountains	Mt_사막_9600_-3200_L1_-1_0	3165	-1066	53	54	28.9	184,117,79	Sandstone
Mountains	Mt_사막_7600_-2800_L3_1_-1	2528	-947	22	25	45.3	200,154,110	Sandstone
Mountains	Mt_사막_9600_-3200_L1_1_1	3211	-1039	45	44	30.1	182,114,77	Sandstone
Mountains	Mt_사막_7600_-2800_L3_1_-2	2527	-957	26	27	46.3	198,150,107	Sandstone
Mountains	Mt_사막_9600_-3200_L1_1_0	3209	-1065	44	42	29.9	185,120,82	Sandstone
Mountains	Mt_사막_9600_-3200_L1_1_-1	3212	-1088	47	50	29.5	187,124,84	Sandstone
Mountains	Mt_사막_9600_-3200_L1_-2_1	3143	-1039	48	45	29.5	186,124,84	Sandstone
Mountains	Mt_사막_9600_-3200_L1_-2_0	3144	-1063	40	42	29.5	182,115,77	Sandstone
Mountains	Mt_사막_9600_-3200_L1_1_-3	3214	-1131	56	55	28.4	186,124,84	Sandstone
Mountains	Mt_사막_9600_-3200_L1_0_3	3189	-998	49	49	28.1	184,119,81	Sandstone
Mountains	Mt_사막_9600_-3200_L1_1_-2	3213	-1112	46	45	28.3	188,127,87	Sandstone
Mountains	Mt_사막_9600_-3200_L2_0_0	3188	-1065	33	33	35.5	190,132,91	Sandstone
Mountains	Mt_사막_9600_-3200_L2_0_1	3189	-1048	36	34	35.2	194,141,99	Sandstone
Mountains	Mt_사막_9600_-3200_L2_1_-1	3202	-1078	27	25	34.6	193,138,96	Sandstone
Mountains	Mt_사막_9600_-3200_L2_0_3	3188	-1016	37	37	35.3	193,138,96	Sandstone
Mountains	Mt_사막_9600_-3200_L2_0_2	3189	-1031	30	24	36.0	195,143,101	Sandstone
Mountains	Mt_사막_9600_-3200_L0_-3_1	3097	-1032	65	67	24.3	178,104,68	Sandstone
Mountains	Mt_사막_9600_-3200_L2_0_-1	3188	-1076	33	36	33.3	196,144,101	Sandstone
Mountains	Mt_사막_9600_-3200_L2_0_-3	3188	-1108	30	26	34.2	191,134,93	Sandstone
Mountains	Mt_사막_9600_-3200_L0_-2_-3	3130	-1151	61	64	22.7	178,104,68	Sandstone
Mountains	Mt_사막_9600_-3200_L2_0_-2	3186	-1095	32	31	35.1	194,142,99	Sandstone
Mountains	Mt_사막_9600_-3200_L0_-2_-2	3134	-1125	61	63	22.4	178,104,68	Sandstone
Mountains	Mt_사막_9600_-3200_L2_-1_1	3171	-1047	35	32	34.2	191,134,93	Sandstone
Mountains	Mt_사막_7600_-2800_L2_-2_-2	2483	-971	35	35	38.2	194,140,98	Sandstone
Mountains	Mt_사막_7600_-2800_L2_-2_1	2487	-919	35	34	38.5	192,136,95	Sandstone
Mountains	Mt_사막_9600_-3200_L0_-1_3	3158	-973	63	62	23.3	180,109,72	Sandstone
Mountains	Mt_사막_9600_-3200_L2_-1_3	3170	-1020	28	25	34.6	195,143,101	Sandstone
Mountains	Mt_사막_9600_-3200_L0_0_-3	3193	-1158	64	64	23.9	178,104,68	Sandstone
Mountains	Mt_사막_9600_-3200_L2_-1_2	3172	-1033	33	32	34.0	196,144,102	Sandstone
Mountains	Mt_사막_7600_-2800_L2_-2_2	2484	-904	35	35	38.4	191,134,93	Sandstone
Mountains	Mt_사막_9600_-3200_L2_3_-2	3232	-1093	33	34	35.1	197,147,104	Sandstone
Mountains	Mt_사막_9600_-3200_L2_3_-1	3233	-1078	36	36	33.9	195,142,100	Sandstone
Mountains	Mt_사막_9600_-3200_L0_0_-2	3192	-1124	64	65	23.2	178,104,68	Sandstone
Mountains	Mt_사막_9600_-3200_L0_-2_-1	3127	-1094	64	65	23.9	178,104,68	Sandstone
Mountains	Mt_사막_9600_-3200_L2_2_3	3215	-1018	25	30	34.7	190,133,92	Sandstone
Mountains	Mt_사막_7600_-2800_L2_-2_0	2484	-937	36	37	37.9	192,137,95	Sandstone
Mountains	Mt_사막_9600_-3200_L2_2_0	3216	-1062	38	38	34.3	195,142,100	Sandstone
Mountains	Mt_사막_9600_-3200_L2_3_0	3233	-1063	35	35	35.1	191,134,93	Sandstone
Mountains	Mt_사막_7600_-2800_L2_-1_-2	2503	-967	37	37	38.3	195,143,101	Sandstone
Mountains	Mt_사막_9600_-3200_L0_-1_0	3164	-1059	77	76	24.5	178,104,68	Sandstone
Mountains	Mt_사막_7600_-2800_L2_-1_-3	2501	-987	33	35	39.0	192,137,96	Sandstone
Mountains	Mt_사막_9600_-3200_L0_-1_1	3164	-1035	60	59	22.4	180,108,71	Sandstone
Mountains	Mt_사막_9600_-3200_L2_2_1	3215	-1048	28	30	34.8	190,133,92	Sandstone
Mountains	Mt_사막_9600_-3200_L0_-1_2	3162	-1001	49	61	24.2	178,104,68	Sandstone
Mountains	Mt_사막_9600_-3200_L2_2_2	3219	-1034	36	35	35.4	193,139,97	Sandstone
Mountains	Mt_사막_6800_-2000_L1_3_2	2319	-623	45	38	26.8	187,125,86	Sandstone
Mountains	Mt_사막_9600_-3200_L2_-1_0	3172	-1063	27	25	34.2	192,135,94	Sandstone
Mountains	Mt_사막_6800_-2000_L1_3_0	2316	-667	54	57	27.1	183,116,78	Sandstone
Mountains	Mt_사막_7600_-2800_L0_1_3	2547	-842	70	69	26.1	179,107,71	Sandstone
Mountains	Mt_사막_7600_-2800_L2_0_3	2517	-884	36	36	39.3	195,144,101	Sandstone
Mountains	Mt_사막_9600_-3200_L2_-1_-1	3171	-1076	31	31	35.8	193,138,96	Sandstone
Mountains	Mt_사막_9600_-3200_L2_-1_-2	3172	-1095	33	33	35.9	192,137,95	Sandstone
Mountains	Mt_사막_7600_-2800_L1_-1_-1	2490	-966	59	56	32.3	188,128,88	Sandstone
Mountains	Mt_사막_7600_-2800_L2_1_-3	2533	-983	31	29	37.3	195,142,100	Sandstone
Mountains	Mt_사막_7600_-2800_L2_-3_0	2470	-937	38	38	38.0	193,138,96	Sandstone
Mountains	Mt_사막_7600_-2800_L1_-1_0	2493	-934	60	61	33.3	182,114,76	Sandstone
Mountains	Mt_사막_7600_-2800_L2_-3_-1	2469	-951	38	37	39.3	190,133,92	Sandstone
Mountains	Mt_사막_7600_-2800_L1_3_1	2592	-915	49	44	32.8	189,129,89	Sandstone
Mountains	Mt_사막_7600_-2800_L1_-1_-3	2493	-1009	59	59	33.0	187,125,85	Sandstone
Mountains	Mt_사막_9600_-3200_L2_-1_-3	3172	-1109	31	30	35.1	197,148,105	Sandstone
Mountains	Mt_사막_7600_-2800_L1_-1_-2	2492	-988	41	44	31.4	187,126,86	Sandstone
Mountains	Mt_사막_7600_-2800_L2_-3_1	2467	-919	36	30	38.6	191,135,93	Sandstone
Mountains	Mt_사막_9600_-3200_L2_-2_2	3159	-1032	37	35	33.8	193,139,97	Sandstone
Mountains	Mt_사막_7600_-2800_L2_-3_2	2466	-901	37	32	38.5	196,144,101	Sandstone
Mountains	Mt_사막_7600_-2800_L1_-2_1	2471	-915	55	54	32.1	186,123,83	Sandstone
Mountains	Mt_사막_9600_-3200_L2_-2_1	3155	-1047	32	32	33.4	191,135,93	Sandstone
Mountains	Mt_사막_7600_-2800_L1_-2_2	2468	-885	52	53	31.8	183,116,78	Sandstone
Mountains	Mt_사막_7600_-2800_L2_-2_-3	2485	-987	39	36	39.5	191,133,92	Sandstone
Mountains	Mt_사막_7600_-2800_L2_-2_-1	2484	-954	33	30	38.0	193,138,96	Sandstone
Mountains	Mt_사막_7600_-2800_L1_-2_-2	2468	-987	59	59	31.0	182,114,76	Sandstone
Mountains	Mt_사막_9600_-3200_L2_-2_-2	3155	-1093	25	22	34.5	197,147,104	Sandstone
Mountains	Mt_사막_7600_-2800_L1_-2_-1	2468	-963	67	67	32.0	186,122,83	Sandstone
Mountains	Mt_사막_9600_-3200_L2_-2_-3	3156	-1108	31	31	34.5	192,136,95	Sandstone
Mountains	Mt_사막_7600_-2800_L2_-1_2	2501	-903	34	39	37.9	191,135,93	Sandstone
Mountains	Mt_사막_7600_-2800_L1_-2_0	2470	-937	54	46	32.8	189,129,89	Sandstone
Mountains	Mt_사막_9600_-3200_L0_-3_-1	3102	-1097	71	69	23.4	179,107,71	Sandstone
Mountains	Mt_사막_7600_-2800_L1_-3_2	2441	-885	64	62	33.2	189,130,89	Sandstone
Mountains	Mt_사막_9600_-3200_L0_-3_0	3102	-1062	57	57	23.5	180,110,73	Sandstone
Mountains	Mt_사막_7600_-2800_L1_-2_-3	2470	-1009	62	63	32.5	189,129,89	Sandstone
Mountains	Mt_사막_7600_-2800_L2_-1_3	2499	-883	28	25	40.2	193,138,96	Sandstone
Mountains	Mt_사막_7600_-2800_L2_-1_0	2500	-938	36	37	37.7	192,136,95	Sandstone
Mountains	Mt_사막_9600_-3200_L2_-3_0	3140	-1064	36	36	35.0	195,143,101	Sandstone
Mountains	Mt_사막_7600_-2800_L2_0_-1	2517	-953	36	28	39.5	197,148,105	Sandstone
Mountains	Mt_사막_9600_-3200_L2_-3_1	3143	-1050	40	40	33.9	190,132,91	Sandstone
Mountains	Mt_사막_7600_-2800_L2_0_-3	2517	-985	33	35	38.1	193,138,96	Sandstone
Mountains	Mt_사막_7600_-2800_L1_-3_1	2442	-910	56	52	32.0	186,122,83	Sandstone
Mountains	Mt_사막_9600_-3200_L2_-2_0	3156	-1065	32	30	34.6	196,144,102	Sandstone
Mountains	Mt_사막_9600_-3200_L2_-3_-1	3141	-1078	32	33	35.8	194,140,98	Sandstone
Mountains	Mt_사막_9600_-3200_L2_1_-2	3204	-1092	33	34	33.9	195,142,100	Sandstone
Mountains	Mt_사막_7600_-2800_L2_0_-2	2519	-970	36	34	37.9	197,147,103	Sandstone
Mountains	Mt_사막_9600_-3200_L2_1_-3	3204	-1108	26	29	35.7	193,138,96	Sandstone
Mountains	Mt_사막_9600_-3200_L2_-2_-1	3156	-1080	40	40	33.3	196,146,103	Sandstone
Mountains	Mt_사막_6800_-2000_L0_2_-2	2306	-727	59	63	22.5	178,105,69	Sandstone
Mountains	Mt_사막_9600_-3200_L3_-2_-1	3162	-1075	24	25	41.3	202,159,113	Sandstone
Mountains	Mt_사막_9600_-3200_L2_4_1	3246	-1049	25	25	33.8	196,145,102	Sandstone
Mountains	Mt_사막_7600_-2800_L2_0_1	2517	-917	28	26	38.5	194,140,98	Sandstone
Mountains	Mt_사막_7600_-2800_L2_0_2	2518	-905	37	36	39.7	191,133,92	Sandstone
Mountains	Mt_사막_7600_-2800_L0_-3_1	2420	-904	80	81	25.5	179,108,71	Sandstone
Mountains	Mt_사막_7600_-2800_L2_0_0	2520	-934	33	32	40.1	193,138,96	Sandstone
Mountains	Mt_사막_6800_-2000_L0_3_-2	2338	-727	72	72	23.4	178,104,68	Sandstone
Mountains	Mt_사막_7600_-2800_L0_-3_0	2413	-940	58	65	25.4	178,104,68	Sandstone
Mountains	Mt_사막_7600_-2800_L1_0_2	2517	-887	59	59	33.0	183,115,77	Sandstone
Mountains	Mt_사막_6800_-2000_L0_2_2	2307	-610	66	59	23.5	178,104,68	Sandstone
Mountains	Mt_사막_7600_-2800_L0_-3_2	2418	-870	73	73	26.2	179,108,71	Sandstone
Mountains	Mt_사막_6800_-2000_L0_1_1	2281	-635	75	76	23.8	178,104,68	Sandstone
Mountains	Mt_사막_6800_-2000_L0_2_1	2313	-635	64	68	21.8	178,104,68	Sandstone
Mountains	Mt_사막_7600_-2800_L2_3_0	2565	-934	36	36	38.4	193,138,97	Sandstone
Mountains	Mt_사막_7600_-2800_L1_0_1	2517	-912	51	53	31.6	188,126,87	Sandstone
Mountains	Mt_사막_9600_-3200_L3_2_0	3207	-1064	23	23	40.2	200,153,109	Sandstone
Mountains	Mt_사막_6800_-2000_L0_1_0	2276	-666	68	69	21.5	178,104,68	Sandstone
Mountains	Mt_사막_7600_-2800_L1_1_-3	2545	-1011	37	37	32.1	183,117,79	Sandstone
Mountains	Mt_사막_7600_-2800_L0_-3_-1	2413	-967	61	67	25.3	178,104,68	Sandstone
Mountains	Mt_사막_6800_-2000_L0_1_-1	2280	-694	70	67	22.0	178,104,68	Sandstone
Mountains	Mt_사막_7600_-2800_L2_3_1	2570	-917	32	36	38.5	194,140,98	Sandstone
Mountains	Mt_사막_9600_-3200_L3_2_1	3207	-1054	22	19	38.8	204,164,118	Sandstone
Mountains	Mt_사막_7600_-2800_L1_0_3	2516	-866	45	52	33.5	184,119,80	Sandstone
Mountains	Mt_사막_7600_-2800_L2_3_-2	2569	-969	39	36	39.7	192,135,94	Sandstone
Mountains	Mt_사막_9600_-3200_L3_1_1	3195	-1052	23	24	41.5	198,150,106	Sandstone
Mountains	Mt_사막_6800_-2000_L0_2_-3	2306	-756	60	55	23.1	178,104,68	Sandstone
Mountains	Mt_사막_6800_-2000_L0_0_2	2249	-607	46	54	23.9	178,104,68	Sandstone
Mountains	Mt_사막_7600_-2800_L2_3_-1	2567	-952	39	40	38.6	194,140,98	Sandstone
Mountains	Mt_사막_9600_-3200_L3_2_-1	3207	-1073	20	24	39.9	204,163,117	Sandstone
Mountains	Mt_사막_7600_-2800_L1_1_-1	2545	-964	45	46	32.0	182,114,76	Sandstone
Mountains	Mt_사막_7600_-2800_L1_1_-2	2544	-988	48	46	31.8	186,123,84	Sandstone
Mountains	Mt_사막_6800_-2000_L0_-1_2	2215	-603	60	59	23.5	178,104,68	Sandstone
Mountains	Mt_사막_9600_-3200_L3_1_2	3195	-1042	26	25	39.8	198,150,106	Sandstone
Mountains	Mt_사막_6800_-2000_L0_-1_0	2217	-667	67	70	23.2	181,112,74	Sandstone
Mountains	Mt_사막_7600_-2800_L2_-1_1	2502	-917	41	41	39.4	193,138,96	Sandstone
Mountains	Mt_사막_9600_-3200_L3_0_2	3185	-1040	24	25	40.8	201,157,112	Sandstone
Mountains	Mt_사막_6800_-2000_L0_-1_1	2215	-635	45	46	21.8	178,104,68	Sandstone
Mountains	Mt_사막_9600_-3200_L3_0_1	3185	-1051	20	21	40.8	199,153,108	Sandstone
Mountains	Mt_사막_7600_-2800_L2_-1_-1	2503	-953	40	38	39.7	191,135,93	Sandstone
Mountains	Mt_사막_9600_-3200_L3_1_0	3195	-1063	27	27	41.2	202,159,113	Sandstone
Mountains	Mt_사막_6800_-2000_L0_0_-3	2249	-753	77	75	23.3	179,107,70	Sandstone
Mountains	Mt_사막_9600_-3200_L3_1_-1	3196	-1074	28	27	41.3	202,160,114	Sandstone
Mountains	Mt_사막_6800_-2000_L0_0_-2	2245	-731	74	69	23.2	180,109,72	Sandstone
Mountains	Mt_사막_6800_-2000_L0_-1_3	2221	-576	70	69	23.3	180,108,72	Sandstone
Mountains	Mt_사막_6800_-2000_L2_0_3	2252	-624	33	32	32.6	195,144,101	Sandstone
Mountains	Mt_사막_6800_-2000_L2_0_2	2249	-639	31	31	31.2	192,136,95	Sandstone
Mountains	Mt_사막_6800_-2000_L0_2_0	2307	-664	63	68	22.7	178,104,68	Sandstone
Mountains	Mt_사막_6800_-2000_L0_2_-1	2312	-696	76	76	22.3	178,104,68	Sandstone
Mountains	Mt_사막_6800_-2000_L2_0_0	2252	-668	27	26	32.0	191,133,92	Sandstone
Mountains	Mt_사막_6800_-2000_L2_0_1	2250	-655	29	29	31.4	197,148,104	Sandstone
Mountains	Mt_사막_9600_-3200_L2_1_3	3202	-1019	34	35	34.8	193,139,97	Sandstone
Mountains	Mt_사막_6800_-2000_L2_-2_1	2222	-654	36	36	31.7	197,147,104	Sandstone
Mountains	Mt_사막_6800_-2000_L2_2_-2	2282	-702	28	29	31.8	195,142,100	Sandstone
Mountains	Mt_사막_9600_-3200_L2_2_-2	3216	-1093	38	38	35.8	192,137,95	Sandstone
Mountains	Mt_사막_6800_-2000_L2_-2_2	2219	-640	38	38	33.1	197,147,103	Sandstone
Mountains	Mt_사막_9600_-3200_L2_2_-1	3218	-1080	23	27	35.0	193,139,97	Sandstone
Mountains	Mt_사막_6800_-2000_L2_-1_-3	2237	-716	33	33	31.9	196,144,101	Sandstone
Mountains	Mt_사막_6800_-2000_L2_2_-3	2280	-714	31	28	31.6	191,135,94	Sandstone
Mountains	Mt_사막_6800_-2000_L2_1_3	2264	-624	36	34	31.2	196,146,103	Sandstone
Mountains	Mt_사막_6800_-2000_L2_-1_-2	2236	-701	27	27	31.7	191,134,93	Sandstone
Mountains	Mt_사막_9600_-3200_L2_1_0	3202	-1063	31	29	34.1	196,146,103	Sandstone
Mountains	Mt_사막_9600_-3200_L2_1_1	3203	-1048	32	31	35.7	192,136,95	Sandstone
Mountains	Mt_사막_6800_-2000_L2_1_2	2265	-642	36	35	32.1	190,132,92	Sandstone
Mountains	Mt_사막_6800_-2000_L2_-1_-1	2235	-686	36	37	31.4	190,132,92	Sandstone
Mountains	Mt_사막_9600_-3200_L2_1_2	3203	-1034	24	25	34.7	197,148,104	Sandstone
Mountains	Mt_사막_6800_-2000_L2_-1_0	2237	-669	34	34	30.9	195,142,100	Sandstone
Mountains	Mt_사막_9600_-3200_L3_0_-2	3184	-1084	21	20	39.7	204,164,118	Sandstone
Mountains	Mt_사막_9600_-3200_L3_0_-1	3186	-1073	23	22	40.3	201,157,112	Sandstone
Mountains	Mt_사막_6800_-2000_L2_1_0	2267	-669	33	32	31.6	190,133,92	Sandstone
Mountains	Mt_사막_6800_-2000_L1_2_1	2290	-645	43	43	28.3	186,122,83	Sandstone
Mountains	Mt_사막_6800_-2000_L2_1_1	2267	-654	37	37	33.0	196,144,101	Sandstone
Mountains	Mt_사막_9600_-3200_L3_0_0	3186	-1065	18	18	40.2	201,156,111	Sandstone
Mountains	Mt_사막_6800_-2000_L0_1_3	2279	-578	64	65	22.3	178,104,68	Sandstone
Mountains	Mt_사막_6800_-2000_L1_2_-1	2295	-691	50	52	28.4	186,124,84	Sandstone
Mountains	Mt_사막_6800_-2000_L1_2_-3	2295	-734	59	58	27.5	183,115,77	Sandstone
Mountains	Mt_사막_9600_-3200_L3_-1_0	3174	-1063	23	23	41.5	198,150,106	Sandstone
Mountains	Mt_사막_9600_-3200_L3_-1_1	3174	-1053	26	25	40.6	202,159,114	Sandstone
Mountains	Mt_사막_9600_-3200_L3_-1_2	3175	-1042	21	18	40.8	199,153,109	Sandstone
Mountains	Mt_사막_6800_-2000_L1_2_-2	2291	-714	54	51	27.1	187,125,86	Sandstone
Mountains	Mt_사막_6800_-2000_L0_1_2	2278	-607	76	75	22.4	178,104,68	Sandstone
Mountains	Mt_사막_6800_-2000_L2_-1_1	2235	-654	30	30	32.5	191,135,94	Sandstone
Mountains	Mt_사막_6800_-2000_L1_1_2	2272	-625	56	54	28.0	185,121,82	Sandstone
Mountains	Mt_사막_6800_-2000_L2_-1_2	2237	-638	32	33	32.5	195,143,101	Sandstone
Mountains	Mt_사막_6800_-2000_L1_1_3	2269	-598	42	42	26.5	185,120,81	Sandstone
Mountains	Mt_사막_6800_-2000_L2_1_-1	2266	-684	34	35	32.5	192,136,95	Sandstone
Mountains	Mt_사막_6800_-2000_L2_0_-2	2251	-701	33	33	31.9	192,136,95	Sandstone
Mountains	Mt_사막_9600_-3200_L3_-2_0	3163	-1063	24	24	40.3	199,152,108	Sandstone
Mountains	Mt_사막_6800_-2000_L2_-1_3	2233	-624	33	29	32.4	190,133,92	Sandstone
Mountains	Mt_사막_9600_-3200_L3_-1_-2	3174	-1086	25	26	39.3	205,166,119	Sandstone
Mountains	Mt_사막_9600_-3200_L3_-1_-1	3172	-1074	20	20	39.9	203,160,114	Sandstone
Mountains	Mt_사막_6800_-2000_L2_1_-2	2265	-700	33	35	32.0	197,148,105	Sandstone
Mountains	Mt_사막_9600_-3200_L2_3_1	3233	-1046	29	29	34.7	195,143,100	Sandstone
Mountains	Mt_사막_6800_-2000_L2_0_-3	2249	-717	37	35	32.3	190,133,92	Sandstone
Mountains	Mt_사막_6800_-2000_L2_1_-3	2263	-716	28	25	32.4	196,146,103	Sandstone
Mountains	Mt_사막_6800_-2000_L2_-3_-1	2204	-687	31	34	31.4	196,144,102	Sandstone
Mountains	Mt_사막_6800_-2000_L2_0_-1	2249	-685	32	29	32.4	194,142,99	Sandstone
Mountains	Mt_사막_6800_-2000_L2_-4_1	2190	-656	30	30	32.3	192,137,95	Sandstone
Mountains	Mt_사막_9600_-3200_L0_4_1	3313	-1036	75	76	22.8	178,104,68	Sandstone
Mountains	Mt_사막_9600_-3200_L0_3_-1	3281	-1090	82	82	23.4	178,105,69	Sandstone
Mountains	Mt_사막_9600_-3200_L0_3_0	3284	-1065	69	71	22.8	178,104,68	Sandstone
Mountains	Mt_사막_6800_-2000_L0_3_2	2341	-603	58	63	23.2	181,111,74	Sandstone
Mountains	Mt_사막_6800_-2000_L0_3_1	2339	-634	66	68	23.1	178,104,68	Sandstone
Mountains	Mt_사막_6800_-2000_L1_1_-1	2270	-692	49	53	27.8	186,123,84	Sandstone
Mountains	Mt_사막_6800_-2000_L1_1_1	2268	-647	42	44	27.8	185,121,82	Sandstone
Mountains	Mt_사막_9600_-3200_L0_1_-3	3220	-1157	47	60	22.7	178,106,69	Sandstone
Mountains	Mt_사막_9600_-3200_L0_1_-2	3221	-1127	56	52	23.5	178,104,68	Sandstone
Mountains	Mt_사막_6800_-2000_L0_3_0	2340	-666	77	75	22.7	178,104,68	Sandstone
Mountains	Mt_사막_6800_-2000_L1_1_0	2273	-665	54	55	27.7	184,119,81	Sandstone
Mountains	Mt_사막_6800_-2000_L0_3_-1	2344	-697	50	54	22.4	180,108,72	Sandstone
Mountains	Mt_사막_9600_-3200_L1_-3_0	3122	-1064	57	57	28.9	182,114,77	Sandstone
Mountains	Mt_사막_6800_-2000_L1_0_3	2251	-599	45	46	27.9	189,129,89	Sandstone
Mountains	Mt_사막_9600_-3200_L1_-3_1	3117	-1040	51	50	28.9	187,124,85	Sandstone
Mountains	Mt_사막_6800_-2000_L1_1_-2	2268	-712	53	52	26.9	186,123,84	Sandstone
Mountains	Mt_사막_6800_-2000_L1_-3_-1	2178	-691	47	47	27.5	189,129,88	Sandstone
Mountains	Mt_사막_9600_-3200_L1_-3_-1	3122	-1086	52	51	29.9	188,127,87	Sandstone
Mountains	Mt_사막_6800_-2000_L1_-3_0	2178	-666	44	43	26.8	188,128,88	Sandstone
Mountains	Mt_사막_6800_-2000_L1_0_-1	2249	-691	53	53	27.5	187,124,85	Sandstone
Mountains	Mt_사막_6800_-2000_L1_2_0	2290	-670	38	35	28.0	187,125,86	Sandstone
Mountains	Mt_사막_6800_-2000_L1_1_-3	2269	-736	58	57	27.5	185,119,81	Sandstone
Mountains	Mt_사막_9600_-3200_L0_3_1	3282	-1037	46	53	24.1	178,104,68	Sandstone
Mountains	Mt_사막_6800_-2000_L1_-4_1	2156	-644	47	42	27.7	188,128,88	Sandstone
Mountains	Mt_사막_6800_-2000_L1_0_-2	2248	-713	56	56	26.8	187,125,85	Sandstone
Mountains	Mt_사막_9600_-3200_L1_-1_-1	3168	-1087	45	50	29.4	186,123,84	Sandstone
Mountains	Mt_사막_6800_-2000_L1_3_1	2319	-643	59	59	28.1	187,126,86	Sandstone
Mountains	Mt_사막_9600_-3200_L1_-1_-3	3168	-1131	39	42	29.3	188,128,88	Sandstone
Mountains	Mt_사막_9600_-3200_L0_2_3	3253	-977	59	59	22.8	178,104,68	Sandstone
Mountains	Mt_사막_6800_-2000_L1_3_-2	2316	-715	41	41	27.3	188,128,88	Sandstone
Mountains	Mt_사막_9600_-3200_L0_2_1	3254	-1032	76	76	22.9	181,112,74	Sandstone
Mountains	Mt_사막_6800_-2000_L1_2_2	2295	-620	56	54	26.4	188,126,86	Sandstone
Mountains	Mt_사막_9600_-3200_L0_2_0	3250	-1064	53	54	22.8	178,104,68	Sandstone
Mountains	Mt_사막_6800_-2000_L1_3_-1	2315	-689	56	56	27.1	183,115,77	Sandstone
Mountains	Mt_사막_9600_-3200_L0_2_-1	3255	-1093	63	65	22.8	178,104,68	Sandstone
Mountains	Mt_사막_6800_-2000_L1_-2_-2	2200	-714	47	46	27.5	182,114,76	Sandstone
Mountains	Mt_사막_6800_-2000_L2_-2_-1	2220	-684	34	36	32.2	193,139,97	Sandstone
Mountains	Mt_사막_7600_-2800_L0_-1_1	2487	-909	65	64	24.9	178,104,68	Sandstone
Mountains	Mt_사막_6800_-2000_L2_-2_0	2221	-669	32	32	32.7	190,131,91	Sandstone
Mountains	Mt_사막_7600_-2800_L0_-1_3	2480	-836	63	64	26.0	178,104,68	Sandstone
Mountains	Mt_사막_6800_-2000_L2_-3_1	2207	-657	37	37	32.3	196,144,102	Sandstone
Mountains	Mt_사막_6800_-2000_L1_-3_1	2180	-644	45	45	27.4	182,114,76	Sandstone
Mountains	Mt_사막_9600_-3200_L0_3_-2	3278	-1123	65	65	23.0	178,104,68	Sandstone
Mountains	Mt_사막_6800_-2000_L1_-2_-1	2205	-690	40	36	27.9	185,121,82	Sandstone
Mountains	Mt_사막_6800_-2000_L1_-2_1	2203	-647	49	48	27.0	183,116,78	Sandstone
Mountains	Mt_사막_7600_-2800_L0_-1_2	2487	-870	61	64	26.6	178,104,68	Sandstone
Mountains	Mt_사막_9600_-3200_L0_2_2	3252	-1004	56	61	23.2	178,104,68	Sandstone
Mountains	Mt_사막_6800_-2000_L2_-3_0	2206	-671	36	36	32.6	193,139,97	Sandstone
Mountains	Mt_사막_6800_-2000_L1_-2_0	2200	-668	55	55	27.7	186,123,84	Sandstone
Mountains	Mt_사막_6800_-2000_L1_-2_2	2204	-620	48	48	28.2	188,128,88	Sandstone
Mountains	Mt_사막_6800_-2000_L2_-2_-2	2219	-699	36	36	32.8	192,137,95	Sandstone
Mountains	Mt_사막_9600_-3200_L0_-1_-3	3159	-1152	48	49	23.4	178,105,69	Sandstone
Mountains	Mt_사막_6800_-2000_L1_-1_0	2224	-670	57	57	28.4	184,118,80	Sandstone
Mountains	Mt_사막_6800_-2000_L0_-2_2	2192	-605	64	66	22.5	180,109,72	Sandstone
Mountains	Mt_사막_6800_-2000_L1_-1_1	2226	-646	51	51	27.4	188,126,87	Sandstone
Mountains	Mt_사막_6800_-2000_L1_-1_2	2225	-622	33	33	27.1	182,114,77	Sandstone
Mountains	Mt_사막_9600_-3200_L0_-2_2	3134	-1007	75	75	23.0	178,105,68	Sandstone
Mountains	Mt_사막_6800_-2000_L1_-1_3	2224	-600	52	53	27.2	186,122,83	Sandstone
Mountains	Mt_사막_6800_-2000_L0_-2_1	2187	-636	67	68	23.3	181,112,74	Sandstone
Mountains	Mt_사막_9600_-3200_L0_-2_1	3130	-1037	74	72	23.7	180,110,73	Sandstone
Mountains	Mt_사막_6800_-2000_L0_0_1	2248	-636	67	71	22.7	178,104,68	Sandstone
Mountains	Mt_사막_9600_-3200_L0_-2_0	3128	-1060	57	66	23.8	180,110,73	Sandstone
Mountains	Mt_사막_6800_-2000_L0_-3_0	2158	-668	65	65	23.0	181,111,74	Sandstone
Mountains	Mt_사막_9600_-3200_L0_1_0	3222	-1062	75	76	24.0	178,104,68	Sandstone
Mountains	Mt_사막_6800_-2000_L0_-3_1	2157	-637	60	60	22.5	179,108,71	Sandstone
Mountains	Mt_사막_9600_-3200_L0_1_1	3217	-1037	71	69	23.3	178,104,68	Sandstone
Mountains	Mt_사막_6800_-2000_L0_0_-1	2247	-699	65	69	22.3	181,112,74	Sandstone
Mountains	Mt_사막_6800_-2000_L0_1_-2	2280	-726	64	65	22.7	179,108,71	Sandstone
Mountains	Mt_사막_6800_-2000_L0_-2_-2	2186	-724	69	69	22.2	179,108,71	Sandstone
Mountains	Mt_사막_6800_-2000_L3_2_1	2272	-658	26	26	36.2	203,160,115	Sandstone
Mountains	Mt_사막_6800_-2000_L0_0_0	2249	-667	61	60	21.9	178,106,69	Sandstone
Mountains	Mt_사막_9600_-3200_L0_1_-1	3221	-1097	60	62	23.4	178,104,68	Sandstone
Mountains	Mt_사막_6800_-2000_L0_-1_-2	2222	-723	52	55	23.3	179,107,71	Sandstone
Mountains	Mt_사막_9600_-3200_L0_-1_-1	3164	-1095	69	64	23.0	179,106,70	Sandstone
Mountains	Mt_사막_6800_-2000_L3_2_0	2271	-670	22	24	36.8	202,159,113	Sandstone
Mountains	Mt_사막_9600_-3200_L0_-1_-2	3160	-1120	71	64	24.7	178,105,69	Sandstone
Mountains	Mt_사막_6800_-2000_L0_0_3	2247	-580	63	55	23.2	178,104,68	Sandstone
Mountains	Mt_사막_6800_-2000_L0_-1_-1	2223	-700	61	64	23.4	178,104,68	Sandstone
Mountains	Mt_사막_9600_-3200_L0_1_3	3217	-976	68	66	22.8	178,104,68	Sandstone
Mountains	Mt_사막_6800_-2000_L0_1_-3	2276	-756	72	71	24.1	178,104,68	Sandstone
Mountains	Mt_사막_6800_-2000_L1_0_1	2247	-648	54	54	28.2	183,116,78	Sandstone
Mountains	Mt_사막_6800_-2000_L0_-2_-1	2186	-698	60	66	22.1	178,104,68	Sandstone
Mountains	Mt_사막_6800_-2000_L1_0_-3	2248	-734	55	54	26.3	183,116,78	Sandstone
Mountains	Mt_사막_6800_-2000_L0_-2_0	2185	-669	48	53	22.8	178,104,68	Sandstone
Mountains	Mt_사막_9600_-3200_L0_2_-2	3250	-1125	70	64	22.8	178,104,68	Sandstone
Mountains	Mt_사막_9600_-3200_L0_1_2	3222	-1003	76	75	22.2	181,111,74	Sandstone
Mountains	Mt_사막_6800_-2000_L1_0_0	2250	-665	50	53	27.6	183,115,77	Sandstone
Mountains	Mt_사막_7600_-2800_L2_2_0	2551	-934	39	40	38.1	195,143,100	Sandstone
Mountains	Mt_사막_6800_-2000_L1_0_2	2250	-623	38	47	27.4	188,128,88	Sandstone
Mountains	Mt_사막_9600_-3200_L0_0_2	3191	-1007	63	59	23.9	180,109,72	Sandstone
Mountains	Mt_사막_7600_-2800_L2_2_2	2550	-901	32	30	38.7	193,138,96	Sandstone
Mountains	Mt_사막_7600_-2800_L2_2_-3	2552	-988	39	37	37.8	191,133,92	Sandstone
Mountains	Mt_사막_9600_-3200_L0_0_1	3191	-1030	72	71	24.0	178,104,68	Sandstone
Mountains	Mt_사막_6800_-2000_L1_-1_-3	2228	-736	57	56	28.1	186,123,84	Sandstone
Mountains	Mt_사막_9600_-3200_L0_0_3	3190	-972	63	65	22.7	178,104,68	Sandstone
Mountains	Mt_사막_7600_-2800_L2_2_-2	2553	-970	36	33	38.7	197,147,104	Sandstone
Mountains	Mt_사막_7600_-2800_L2_2_-1	2550	-951	26	32	37.1	192,137,95	Sandstone
Mountains	Mt_사막_6800_-2000_L1_-1_-1	2226	-690	47	45	28.1	184,119,80	Sandstone
Mountains	Mt_사막_6800_-2000_L1_-1_-2	2226	-714	55	53	27.4	187,124,84	Sandstone
Mountains	Mt_사막_9600_-3200_L0_0_-1	3190	-1094	69	61	23.8	179,108,71	Sandstone
Mountains	Mt_사막_7600_-2800_L3_2_1	2540	-923	22	21	44.1	198,150,106	Sandstone
Mountains	Mt_사막_9600_-3200_L0_0_0	3191	-1061	76	76	23.0	178,104,68	Sandstone
Mountains	Mt_사막_6800_-2000_L0_-4_1	2126	-640	50	60	23.1	178,104,68	Sandstone
Mountains	Mt_사막_6800_-2000_L0_-3_-1	2161	-694	58	58	23.1	178,105,69	Sandstone
Mountains	Mt_사막_7600_-2800_L0_0_-1	2515	-970	59	65	24.8	178,105,68	Sandstone
Mountains	Mt_사막_7600_-2800_L0_0_2	2519	-869	86	86	27.0	178,104,68	Sandstone
Mountains	Mt_사막_7600_-2800_L2_2_1	2550	-921	37	37	38.5	194,141,98	Sandstone
Mountains	Mt_사막_7600_-2800_L0_0_1	2512	-904	80	80	25.5	178,106,69	Sandstone
Mountains	Mt_사막_7600_-2800_L0_0_0	2516	-939	47	59	25.6	178,104,68	Sandstone
Mountains	Mt_사막_7600_-2800_L1_-3_0	2439	-940	53	57	30.6	187,126,86	Sandstone
Mountains	Mt_사막_7600_-2800_L2_1_-2	2533	-970	29	30	39.0	195,143,101	Sandstone
Mountains	Mt_사막_7600_-2800_L1_-3_-1	2443	-964	63	63	31.6	183,116,78	Sandstone
Mountains	Mt_사막_7600_-2800_L2_1_0	2535	-937	33	31	37.9	190,133,92	Sandstone
Mountains	Mt_사막_7600_-2800_L0_3_1	2621	-907	62	68	26.1	178,105,68	Sandstone
Mountains	Mt_사막_7600_-2800_L2_1_-1	2533	-951	26	32	37.9	197,147,104	Sandstone
Mountains	Mt_사막_7600_-2800_L0_0_-3	2518	-1040	81	81	25.3	181,111,74	Sandstone
Mountains	Mt_사막_7600_-2800_L0_0_-2	2512	-1002	71	73	24.6	180,108,72	Sandstone
Mountains	Mt_사막_7600_-2800_L3_-1_1	2506	-925	21	23	45.5	205,166,120	Sandstone
Mountains	Mt_사막_7600_-2800_L0_3_-1	2616	-971	76	74	27.6	180,108,72	Sandstone
Mountains	Mt_사막_7600_-2800_L0_3_-2	2616	-1002	57	66	26.1	178,105,69	Sandstone
Mountains	Mt_사막_7600_-2800_L0_2_2	2585	-869	51	54	26.4	178,104,68	Sandstone