-400 -2260 20 81 81
-999 -999 -999 -999 -999 -999 -999 -999 -999 -999 -999 -999 -999 -999 -999 -999 -999 -999 -999 -999 -999 -999 -999 -999 -999 -999 -999 -999 -999 -999 -999 -999 -999 -999 -999 -999 -999 -999 -999 -999 -999 -999 -999 -999 4.7 -999 -999 -999 -999 -999 -999 -999 -999 -999 -999 -999 -999 -999 -999 -999 -999 -999 -999 -999 -999 -999 -999 -999 -999 -999 -999 -999 -999 -999 -999 -999 -999 -999 -999 -999 -999
-999 -999 -999 -999 -999 -999 -999 -999 -999 -999 -999 -999 -999 -999 -999 -999 -999 -999 -999 -999 -999 -999 -999 -999 -999 -999 -999 -999 -999 -999 -999 -999 -999 -999 5.0 5.0 5.0 -999 -999 -999 -999 -999 -999 4.7 4.7 4.7 4.7 4.7 4.6 4.9 4.9 4.9 4.9 -999 -999 -999 -999 -999 -999 -999 -999 -999 -999 -999 -999 -999 -999 -999 -999 -999 -999 -999 -999 -999 -999 -999 -999 -999 -999 -999 -999
-999 -999 -999 -999 -999 -999 -999 -999 -999 -999 -999 -999 -999 -999 -999 -999 -999 -999 -999 -999 -999 -999 -999 -999 -999 4.7 -999 -999 -999 -999 -999 -999 -999 -999 5.0 5.0 5.0 5.0 -999 -999 -999 -999 -999 4.7 4.7 4.7 4.7 4.7 4.6 5.7 4.9 4.9 5.0 -999 -999 -999 -999 -999 -999 -999 -999 -999 -999 -999 -999 -999 -999 -999 -999 -999 -999 -999 -999 -999 -999 -999 -999 -999 -999 -999 -999
-999 -999 -999 -999 -999 -999 -999 -999 -999 -999 -999 -999 -999 -999 -999 -999 -999 -999 -999 -999 -999 -999 -999 -999 4.7 4.7 5.1 5.1 5.1 5.1 4.9 4.9 4.9 5.0 5.0 5.9 5.9 5.0 4.8 -999 4.9 4.9 4.9 4.9 4.7 6.2 7.6 7.6 7.6 7.6 5.7 5.7 5.0 5.0 5.0 4.5 -999 -999 -999 -999 -999 -999 -999 -999 -999 -999 -999 -999 -999 -999 -999 -999 -999 -999 -999 -999 -999 -999 -999 -999 -999
-999 -999 -999 -999 -999 -999 -999 -999 -999 -999 -999 -999 -999 -999 -999 -999 -999 -999 -999 -999 -999 -999 -999 4.7 4.7 4.7 5.1 5.1 5.1 5.1 4.9 4.9 4.9 5.9 5.9 5.9 5.9 5.9 4.9 4.9 4.9 4.9 4.9 6.2 6.2 6.2 7.6 7.6 7.6 7.6 5.7 5.7 5.7 5.0 5.0 4.5 4.5 -999 -999 -999 -999 -999 -999 -999 -999 -999 -999 -999 -999 -999 -999 -999 -999 -999 -999 -999 -999 -999 -999 -999 -999
-999 -999 -999 -999 -999 -999 -999 -999 -999 -999 -999 -999 -999 -999 -999 -999 -999 -999 -999 -999 -999 -999 4.6 4.7 4.7 5.9 5.1 5.1 5.1 5.1 4.9 7.4 7.4 7.4 5.9 8.1 5.9 5.9 4.9 4.9 4.9 4.9 4.9 6.2 8.1 6.2 7.6 7.6 8.3 8.3 7.9 5.7 5.7 5.0 7.6 4.5 4.5 4.5 -999 -999 -999 -999 -999 -999 -999 -999 -999 -999 -999 -999 -999 -999 -999 -999 -999 -999 -999 -999 -999 -999 -999
-999 -999 -999 -999 -999 -999 -999 -999 -999 -999 -999 -999 -999 -999 -999 -999 -999 -999 -999 -999 -999 -999 4.6 4.6 5.9 5.9 7.8 7.8 7.8 7.8 7.8 7.8 7.8 7.4 8.1 8.1 8.1 7.9 7.9 7.9 7.9 7.9 7.3 7.3 8.1 8.1 8.3 8.3 8.3 8.3 7.9 7.9 7.6 7.6 7.6 4.9 4.9 4.9 -999 -999 -999 -999 -999 -999 -999 -999 -999 -999 -999 -999 -999 -999 -999 -999 -999 -999 -999 -999 -999 -999 -999
-999 -999 -999 -999 -999 -999 -999 -999 -999 -999 -999 -999 -999 4.9 -999 -999 -999 -999 -999 -999 -999 4.6 4.6 5.7 5.9 5.9 7.8 7.8 7.8 7.8 7.8 7.9 7.8 8.1 8.1 8.1 8.1 8.1 7.9 7.9 7.9 7.9 7.3 8.1 8.1 8.1 8.3 8.3 8.3 8.3 7.9 7.9 7.9 7.6 7.6 4.9 4.9 4.9 -999 -999 -999 -999 -999 -999 -999 -999 -999 -999 -999 -999 -999 -999 -999 -999 -999 -999 -999 -999 -999 -999 -999
-999 -999 -999 -999 -999 -999 -999 -999 -999 -999 -999 4.9 4.9 4.9 4.5 4.5 4.9 4.9 4.9 4.9 4.8 5.7 5.7 5.7 7.8 7.8 7.8 8.1 8.1 8.1 7.9 8.0 8.0 8.0 8.1 8.1 8.1 8.0 8.0 7.9 8.0 8.0 8.3 8.3 8.1 8.2 8.3 8.3 8.3 8.3 7.9 7.9 7.9 7.9 7.6 5.7 4.9 4.9 4.9 4.9 4.8 4.8 4.9 5.0 5.0 5.0 5.0 -999 5.1 -999 -999 -999 -999 -999 -999 -999 -999 -999 -999 -999 -999
-999 -999 -999 -999 -999 -999 -999 -999 -999 -999 4.9 4.9 4.9 4.9 4.9 4.5 4.9 4.9 4.9 4.9 5.7 5.7 5.7 7.8 7.8 7.8 8.1 8.1 8.1 8.1 7.9 8.0 8.0 8.0 8.0 8.1 8.0 8.0 8.0 8.0 8.0 8.3 8.3 8.3 8.3 8.2 8.2 8.3 8.3 8.3 7.9 7.9 7.9 7.9 5.7 5.7 5.7 5.7 4.9 4.9 4.8 4.9 4.9 5.0 5.0 5.0 5.1 5.1 5.1 -999 -999 -999 -999 -999 -999 -999 -999 -999 -999 -999 -999
-999 -999 -999 -999 -999 -999 -999 -999 -999 -999 -999 4.9 4.9 4.9 4.9 4.9 4.9 7.7 7.7 4.9 4.8 5.7 5.7 7.8 7.8 7.8 8.2 8.1 8.1 8.2 8.2 8.0 8.1 8.0 8.0 8.1 8.0 8.0 8.0 8.1 8.0 8.3 8.3 8.3 8.3 8.2 8.2 8.2 7.8 7.8 8.3 7.9 7.9 7.9 8.2 8.2 5.7 5.7 7.9 4.9 7.5 4.9 4.9 4.9 5.0 7.4 5.1 6.0 5.1 5.1 4.9 -999 -999 -999 -999 -999 -999 -999 -999 -999 -999
-999 -999 -999 -999 -999 -999 -999 -999 -999 -999 -999 4.9 4.9 4.9 7.6 7.6 7.7 7.7 7.7 7.7 7.7 7.7 7.7 8.2 8.2 8.2 8.2 8.2 8.1 8.2 8.2 8.2 8.1 8.1 8.1 8.1 8.1 8.1 8.1 8.1 8.0 8.3 8.3 8.3 8.2 8.2 8.2 8.0 8.0 8.3 8.3 8.3 8.1 8.2 8.2 8.2 8.2 7.9 7.9 7.9 7.5 7.8 7.8 7.8 7.8 7.4 7.4 6.0 6.0 6.0 6.0 4.9 -999 -999 -999 -999 -999 -999 -999 -999 -999
-999 -999 -999 -999 -999 -999 -999 -999 -999 -999 -999 4.9 4.9 7.6 7.6 8.3 7.7 7.7 7.7 7.7 7.7 7.7 8.2 8.2 8.2 8.2 8.2 8.2 8.2 8.2 8.2 8.2 8.2 8.1 8.1 8.1 8.1 8.1 8.1 8.1 8.0 8.0 8.3 8.0 8.0 8.0 8.2 8.0 8.3 8.3 8.3 8.3 8.3 8.2 8.2 8.2 8.2 7.9 7.9 7.9 7.5 7.8 7.8 7.8 7.8 7.8 7.4 6.0 6.0 6.0 4.9 4.9 4.9 -999 -999 -999 -999 -999 -999 -999 -999
-999 -999 -999 -999 -999 -999 -999 -999 -999 5.1 5.1 5.6 5.6 5.6 8.3 8.3 8.3 8.3 8.2 7.7 7.7 8.1 8.2 8.2 8.2 8.2 8.2 8.2 8.2 8.2 8.2 8.2 8.1 8.1 8.2 8.2 8.2 8.2 8.2 8.1 7.9 8.1 8.1 8.1 8.0 8.0 8.0 8.0 8.0 8.3 8.3 8.3 8.3 8.1 8.2 8.2 8.2 8.2 7.9 8.1 8.1 8.1 8.1 8.1 8.1 7.8 7.8 7.6 7.6 6.0 4.9 4.9 4.8 -999 -999 -999 -999 -999 -999 -999 -999
-999 -999 -999 -999 -999 -999 -999 -999 5.1 5.1 5.1 5.6 5.6 8.3 8.3 8.3 8.3 8.3 8.2 8.1 8.1 8.2 8.2 8.2 8.2 8.2 8.2 8.2 7.8 8.2 8.2 8.0 8.1 8.1 8.2 8.2 8.2 8.2 8.2 8.2 7.9 8.1 8.1 8.1 8.1 8.0 8.0 8.0 8.0 8.3 8.3 8.3 8.1 8.2 8.2 8.2 8.2 7.9 7.9 8.1 8.1 8.1 8.1 8.1 8.1 7.8 7.8 7.6 7.6 7.6 4.9 4.9 4.8 -999 -999 -999 -999 -999 -999 -999 -999
-999 -999 -999 -999 -999 -999 -999 -999 5.1 5.1 5.1 5.6 7.8 8.3 8.3 8.3 8.3 8.3 8.2 8.2 8.2 8.2 8.3 8.2 8.2 8.2 8.2 8.2 8.0 8.0 8.0 8.0 8.1 8.0 8.2 8.2 8.2 8.2 8.2 8.2 8.2 8.1 8.1 8.1 8.1 8.0 8.0 7.8 7.8 7.8 8.3 8.3 8.0 8.2 8.2 8.2 8.2 7.9 8.1 8.1 8.1 8.1 8.3 8.1 8.1 7.9 7.8 7.8 7.6 7.6 7.6 4.8 4.8 -999 -999 -999 -999 -999 -999 -999 -999
-999 -999 -999 -999 -999 -999 -999 -999 -999 5.1 5.1 7.8 7.8 7.9 8.3 8.3 8.3 8.2 8.2 8.2 8.1 8.3 8.3 8.3 8.3 8.2 8.2 8.2 8.1 8.1 8.1 8.1 8.1 8.1 8.2 8.2 8.2 8.2 8.2 8.2 8.0 8.2 8.2 8.2 8.2 8.1 8.1 7.9 8.3 8.3 8.3 8.3 8.0 8.0 8.2 8.2 8.2 8.2 8.1 8.1 8.1 8.3 8.3 8.3 8.1 7.9 7.9 7.9 7.6 7.4 4.8 4.8 4.8 -999 -999 -999 -999 -999 -999 -999 -999
-999 -999 -999 -999 -999 -999 -999 -999 4.7 4.7 7.8 7.8 7.8 7.9 7.9 7.9 8.2 8.2 8.2 8.2 8.0 8.3 8.3 8.3 8.3 8.3 8.2 8.2 8.1 8.1 8.0 8.1 8.1 8.1 8.2 8.2 8.2 8.2 8.2 8.0 8.0 8.2 8.2 8.2 8.2 8.1 8.1 7.9 8.3 8.3 8.3 8.3 8.3 8.0 8.3 8.2 8.1 8.1 8.1 8.1 8.1 8.3 8.3 8.3 8.3 8.3 7.9 7.9 7.6 7.4 7.4 4.8 4.8 -999 -999 -999 -999 -999 -999 -999 -999
-999 -999 -999 -999 -999 -999 -999 -999 4.7 5.1 5.1 7.8 7.8 7.9 7.9 8.0 8.2 8.2 8.2 8.3 8.3 8.3 8.3 8.3 8.3 8.3 8.2 8.1 8.1 8.2 8.2 8.2 8.2 8.2 8.2 8.2 8.2 8.2 8.2 8.0 8.2 8.2 8.2 8.2 8.2 8.1 8.1 8.1 7.9 8.3 8.3 8.3 8.3 8.3 8.3 8.0 8.1 8.1 8.1 8.1 8.3 8.3 8.3 8.3 8.3 8.2 8.2 7.6 7.6 7.6 4.8 4.8 4.8 -999 -999 -999 -999 -999 -999 -999 -999
-999 -999 -999 -999 -999 -999 -999 -999 5.1 5.1 7.5 7.5 7.8 8.0 8.0 8.0 8.0 8.2 8.2 8.3 8.3 8.3 8.3 8.3 8.3 8.2 8.2 8.1 8.2 8.2 8.2 8.2 8.2 8.2 8.2 8.2 8.2 8.2 8.2 8.2 8.2 8.2 8.2 8.2 8.2 8.1 7.9 7.9 7.9 8.3 8.3 8.3 8.3 8.3 8.3 8.2 8.2 8.2 8.1 8.1 8.1 8.1 8.3 8.3 8.2 8.2 8.2 8.2 7.6 7.6 7.6 4.6 4.6 -999 -999 -999 -999 -999 -999 -999 -999
-999 -999 -999 -999 -999 -999 -999 4.9 5.1 5.1 5.1 7.5 8.0 8.0 8.0 8.3 8.3 8.0 7.9 8.3 8.3 8.3 8.3 7.9 7.9 7.7 7.8 7.8 8.2 8.3 8.2 8.2 8.2 8.2 8.2 8.2 8.2 8.2 8.2 8.3 8.3 8.2 8.2 8.2 8.2 7.9 7.9 7.8 8.2 8.2 8.2 8.3 8.3 8.3 8.3 8.2 8.2 8.2 8.1 8.1 8.1 8.0 8.0 8.0 8.2 8.2 8.2 7.7 7.6 7.6 7.6 6.0 4.9 4.9 -999 -999 -999 -999 -999 -999 -999
-999 -999 -999 -999 -999 -999 -999 4.9 4.9 5.9 8.0 8.0 8.0 8.3 8.3 8.3 8.3 8.0 7.9 8.3 8.3 8.3 8.3 8.2 8.2 8.2 8.2 8.2 8.2 8.3 8.3 8.3 8.2 8.0 8.2 8.2 8.2 8.2 8.2 8.3 8.3 8.3 8.3 8.2 7.9 7.9 7.9 7.8 8.1 8.2 8.2 8.3 8.3 8.3 8.3 8.3 8.2 8.2 8.1 8.1 7.9 8.0 8.0 8.0 8.2 8.2 8.2 7.9 7.7 7.6 6.0 6.0 4.9 4.9 4.9 -999 -999 -999 -999 -999 -999
-999 -999 -999 -999 -999 -999 4.9 4.9 4.9 5.9 8.0 8.0 8.0 8.3 8.3 8.3 8.3 8.3 7.9 7.9 7.8 7.9 7.9 7.9 8.2 8.2 8.2 8.2 8.3 8.3 8.3 8.3 8.3 8.0 8.0 8.2 7.8 7.8 8.3 8.3 8.3 8.3 8.3 7.9 7.9 7.9 7.9 7.9 8.1 8.1 8.2 8.1 7.8 8.2 8.2 8.2 8.2 8.2 8.3 7.9 7.9 7.9 7.8 7.8 7.9 7.9 7.9 7.9 7.7 7.7 7.7 6.0 6.0 4.9 4.9 -999 -999 -999 -999 -999 -999
-999 -999 -999 -999 -999 4.7 4.9 5.9 5.9 7.9 7.9 8.0 8.0 8.0 8.3 8.3 8.3 8.3 7.9 7.9 7.9 7.9 8.2 8.2 8.2 8.2 8.2 8.2 8.3 8.3 8.3 8.3 8.1 8.1 8.1 8.1 8.1 7.8 8.3 8.3 8.3 8.3 8.3 8.3 7.9 7.9 8.0 8.0 8.1 8.1 8.1 8.1 8.1 8.2 8.2 8.2 8.2 8.3 8.3 7.9 7.9 7.9 7.8 7.8 7.9 7.9 7.9 8.3 8.3 8.3 8.3 8.3 8.3 6.1 6.1 4.6 4.6 -999 -999 -999 -999
-999 -999 -999 4.7 4.7 5.9 5.9 5.9 5.9 7.9 7.9 7.9 8.0 8.3 8.3 8.3 8.3 7.9 7.9 7.9 7.9 8.2 8.2 8.2 8.2 8.2 8.2 8.1 8.1 8.1 8.3 8.3 8.1 8.1 8.1 8.1 8.1 7.8 8.2 8.2 8.3 8.3 8.3 8.3 8.3 7.9 8.0 8.0 8.1 8.1 8.1 8.1 8.1 8.1 8.1 8.3 8.3 8.3 8.3 8.3 7.9 7.9 7.8 7.9 7.9 7.9 7.9 8.3 8.3 8.3 8.3 8.3 8.3 6.1 6.1 4.6 4.6 -999 -999 -999 -999
-999 -999 -999 4.7 4.7 4.7 5.9 5.9 7.9 7.9 8.1 8.1 7.9 7.8 8.3 8.3 8.3 7.9 8.2 7.9 7.8 8.2 8.2 8.2 8.2 8.2 8.1 8.1 8.1 8.1 8.1 8.4 8.2 8.2 8.1 8.2 8.2 8.1 8.6 8.2 8.2 8.3 8.9 8.3 8.4 8.4 8.0 8.5 8.0 8.0 8.2 8.1 8.1 8.1 8.1 7.9 8.3 8.3 8.3 8.3 7.8 7.7 7.7 7.7 8.1 8.1 8.3 8.3 8.3 8.3 8.3 8.3 8.3 6.1 6.1 4.6 5.1 4.6 -999 -999 -999
-999 -999 -999 4.6 4.7 4.7 7.9 7.9 8.1 8.1 8.1 8.1 8.1 7.9 8.3 8.3 8.3 8.3 8.2 8.2 8.2 8.3 8.3 8.3 8.3 8.1 8.1 8.1 8.0 8.4 8.4 8.4 8.2 8.2 8.2 8.2 8.6 8.6 8.6 8.9 8.9 8.9 8.9 8.9 8.9 8.4 8.5 8.5 8.5 8.5 8.5 8.2 8.4 8.4 8.1 8.0 8.3 8.3 8.3 8.0 7.8 7.8 8.3 8.3 8.3 8.1 8.3 8.3 8.3 8.3 8.3 8.3 8.3 7.8 7.8 7.8 5.1 4.6 -999 -999 -999
-999 -999 -999 4.6 4.7 4.6 7.9 7.9 8.1 8.2 8.1 8.1 8.2 8.1 8.1 8.2 8.2 8.2 8.2 8.2 8.2 8.3 8.3 8.3 8.3 8.1 8.2 8.1 8.4 8.4 8.4 8.4 8.4 8.2 8.2 8.2 8.6 8.6 8.6 8.9 8.9 8.9 8.9 8.9 8.9 8.9 8.5 8.5 8.5 8.5 8.2 8.4 8.4 8.4 8.4 8.0 8.0 8.0 8.0 8.0 8.0 8.3 8.3 8.3 8.3 8.3 8.2 8.3 8.3 8.3 8.2 7.8 7.8 7.8 7.8 5.1 5.1 5.1 -999 -999 -999
-999 -999 -999 4.6 5.0 5.0 7.9 7.9 7.9 8.2 8.2 8.2 8.2 8.2 8.2 8.2 8.2 8.2 8.2 8.2 8.2 8.3 8.3 8.3 8.3 8.2 8.2 8.1 8.1 8.4 9.4 9.4 10.2 10.7 10.7 10.7 10.9 10.9 10.9 10.7 10.7 10.6 10.6 10.6 10.9 10.9 10.9 9.9 9.9 9.9 9.6 9.6 9.6 8.6 8.6 8.1 8.1 8.0 8.0 8.1 8.1 8.3 8.3 8.3 8.3 8.1 8.2 8.2 8.2 8.2 8.1 8.1 8.1 7.8 7.8 5.1 5.1 5.1 -999 -999 -999
-999 -999 -999 5.0 5.0 5.0 7.9 7.9 8.2 8.2 8.2 8.2 8.2 8.2 8.2 8.2 8.2 8.2 8.2 8.1 8.2 8.3 8.3 8.3 8.3 8.3 8.2 8.2 9.4 9.4 9.4 10.2 10.2 10.7 10.7 10.7 10.9 10.9 10.9 10.9 10.7 10.7 10.6 10.9 10.9 10.9 10.9 9.9 9.9 9.9 9.6 9.6 8.6 8.6 8.6 8.1 8.1 8.0 8.1 8.1 8.1 8.2 8.3 8.3 8.2 8.1 8.1 7.8 8.2 8.1 8.1 8.1 8.1 7.8 7.8 7.3 5.0 5.0 -999 -999 -999
-999 -999 -999 5.0 5.0 7.6 7.6 7.6 8.2 8.2 8.2 8.2 8.2 8.2 8.2 8.3 8.2 8.2 7.9 8.1 8.1 8.3 8.3 8.3 8.3 8.2 8.2 8.5 9.4 9.4 10.5 10.2 10.2 10.7 12.4 12.4 12.8 12.8 10.9 10.9 12.8 12.8 10.7 13.0 12.8 12.8 10.9 12.5 12.5 9.9 9.6 10.1 8.6 8.6 8.6 8.1 8.1 8.1 7.8 8.1 8.2 8.2 8.2 8.2 8.2 8.1 8.1 8.1 8.1 8.1 8.1 8.1 8.1 7.3 7.3 5.0 5.0 5.0 -999 -999 -999
-999 -999 -999 -999 5.0 5.0 7.6 7.6 7.6 8.2 8.2 8.2 8.2 8.2 8.3 8.3 8.3 7.9 8.1 8.1 8.1 8.3 8.3 8.3 8.3 8.2 8.0 8.5 8.5 10.5 10.5 12.3 12.3 12.3 12.4 12.4 12.8 12.8 12.8 12.8 12.8 12.8 13.0 13.0 12.8 12.8 12.8 12.8 12.5 10.1 10.1 10.1 8.6 8.6 8.3 8.1 8.1 8.1 8.2 8.2 8.2 8.2 8.2 8.2 8.1 8.1 8.1 8.1 7.9 8.1 8.1 8.1 8.1 7.9 7.9 5.0 5.0 5.0 -999 -999 -999
-999 -999 -999 -999 5.0 5.0 7.5 7.6 7.9 7.9 7.9 7.9 7.9 8.3 8.3 8.3 8.3 8.3 7.9 7.9 8.3 8.3 8.3 8.3 8.3 8.0 8.5 8.5 10.5 10.5 10.5 12.3 12.3 12.3 12.8 12.4 12.8 12.8 12.8 12.8 12.8 13.0 13.0 13.9 13.0 12.8 12.8 12.8 12.5 12.5 10.1 10.1 10.1 8.6 8.3 7.9 7.9 7.9 8.2 8.2 8.2 8.2 8.2 8.0 8.0 7.8 7.9 7.9 7.9 7.9 7.8 7.9 7.9 7.9 7.9 5.0 5.0 5.0 -999 -999 -999
-999 -999 -999 4.8 4.8 7.5 7.5 7.6 7.9 7.9 7.9 7.9 8.3 8.3 8.3 8.3 8.3 8.3 8.0 7.9 7.9 8.3 8.3 8.3 8.0 8.0 8.5 8.5 10.5 11.1 11.1 12.8 12.8 12.8 13.4 13.4 13.4 14.6 12.8 14.7 14.7 14.7 13.9 13.9 14.0 14.0 14.0 12.7 12.7 12.5 10.5 10.5 10.1 8.8 8.8 8.1 8.1 8.0 8.0 8.2 8.2 8.2 8.2 8.0 8.0 7.8 8.0 8.0 8.0 8.0 8.0 8.0 7.9 7.9 7.9 5.0 5.0 -999 -999 -999 -999
-999 -999 -999 -999 4.5 4.5 7.6 7.6 7.6 7.7 8.3 8.3 8.3 8.3 8.3 8.3 8.3 8.0 8.0 8.0 7.9 7.9 8.3 7.8 8.0 8.0 8.5 8.5 8.5 11.1 11.1 12.8 12.8 13.4 13.4 13.4 13.4 14.6 14.7 14.7 14.7 14.7 13.9 13.9 14.0 14.0 14.0 14.0 12.7 12.7 10.5 10.5 10.5 8.8 8.8 8.1 8.1 8.1 8.0 8.2 8.2 8.2 8.0 8.0 8.0 7.8 8.0 8.0 8.0 8.0 8.0 8.0 8.0 7.9 7.9 5.0 5.0 4.6 -999 -999 -999
-999 -999 -999 4.5 4.5 4.6 7.6 7.6 7.6 7.7 8.3 8.3 8.3 8.3 8.3 7.8 8.0 8.1 8.0 8.0 7.9 7.9 7.9 7.9 7.8 8.5 8.5 8.5 8.5 11.1 11.1 12.8 12.8 12.8 13.4 14.6 14.6 14.6 14.7 16.3 16.3 16.3 15.2 13.9 14.0 14.0 14.0 14.0 12.7 12.7 10.5 10.5 8.8 8.8 8.8 8.2 8.2 8.1 8.0 8.0 8.0 8.0 8.0 8.0 8.1 8.1 8.1 8.3 8.3 8.0 8.0 8.0 8.0 7.9 7.9 4.6 4.6 4.6 -999 -999 -999
-999 -999 -999 4.5 4.6 4.6 7.6 7.6 8.1 8.1 8.1 8.3 8.3 8.3 8.2 8.1 8.1 8.1 8.0 8.0 7.9 7.9 7.9 7.9 7.9 8.5 8.5 8.5 8.5 11.1 11.1 12.7 12.8 12.8 14.6 14.6 15.3 15.3 16.3 16.3 16.3 16.3 15.2 15.2 15.2 14.0 14.0 13.8 13.0 12.7 10.5 10.5 10.4 8.8 8.8 8.2 8.2 8.0 8.0 8.0 8.0 8.0 8.0 8.1 8.1 8.1 8.3 8.3 8.3 8.3 8.0 8.0 7.9 7.9 7.9 7.6 4.7 4.7 -999 -999 -999
-999 -999 -999 4.6 5.1 5.1 7.6 7.6 7.9 8.1 8.1 8.3 8.2 8.2 8.2 8.1 8.1 8.1 7.8 7.9 8.0 7.9 7.9 7.9 7.9 7.7 8.3 8.3 8.3 10.6 10.6 12.7 12.7 14.6 14.6 14.6 15.3 17.1 16.3 16.3 18.4 16.7 15.2 15.2 15.2 15.2 13.8 13.8 13.0 13.0 10.6 10.4 10.4 8.4 8.4 8.2 8.2 8.2 7.9 7.9 7.7 7.9 7.9 8.0 8.1 8.1 8.3 8.3 8.3 8.3 8.3 7.9 7.9 7.6 7.6 4.7 4.7 -999 -999 -999 -999
-999 -999 -999 -999 5.1 5.1 7.9 7.9 7.9 8.1 8.1 8.2 8.2 8.3 8.3 8.3 8.3 8.3 7.8 7.9 8.0 8.1 8.1 8.1 8.1 8.3 8.6 8.6 10.6 11.0 12.7 12.7 12.7 14.6 14.8 14.8 15.3 17.1 17.1 18.4 18.4 18.4 16.7 16.7 16.7 14.6 14.6 13.0 13.0 13.0 12.6 10.6 10.4 8.6 8.4 8.2 8.2 7.9 7.9 7.9 8.3 8.3 7.9 8.3 8.3 8.3 8.3 8.3 8.3 8.3 7.9 7.9 7.7 7.6 7.6 4.7 4.7 4.6 -999 -999 -999
-999 -999 -999 5.1 5.1 5.1 7.9 7.9 8.1 8.1 8.1 8.2 8.2 8.3 8.3 8.3 8.3 8.3 7.8 8.0 8.0 8.1 8.1 8.1 8.1 8.1 8.6 8.6 8.6 11.0 12.2 12.7 12.7 14.8 14.8 14.8 17.1 17.1 18.4 18.4 18.4 18.4 18.4 16.7 16.7 14.6 14.6 13.0 13.0 12.6 10.6 10.6 10.6 8.6 8.4 8.2 7.7 7.9 7.9 8.3 8.3 8.3 8.3 8.3 8.3 8.3 8.3 8.3 8.3 7.9 7.9 7.9 7.7 7.6 7.6 4.7 4.7 4.6 -999 -999 -999
-999 -999 5.1 5.1 5.1 5.1 7.9 7.9 8.1 8.1 8.1 8.1 8.1 8.3 8.3 8.3 8.3 8.3 8.0 8.0 8.0 8.1 8.1 8.1 8.1 8.1 8.6 8.7 11.0 11.0 11.0 12.2 12.2 14.8 14.8 14.8 17.1 17.1 18.4 18.4 18.4 18.4 18.4 16.7 16.7 14.6 14.6 14.6 12.6 12.6 10.6 10.6 10.6 8.6 8.6 8.3 8.3 8.3 8.3 8.3 8.3 8.3 8.3 8.3 8.3 8.3 8.3 8.3 7.9 8.1 7.7 7.7 7.7 8.1 7.6 4.6 4.6 -999 -999 -999 -999
-999 -999 -999 4.5 5.1 5.1 7.4 7.9 8.0 8.1 8.1 8.1 8.1 8.3 8.3 8.3 8.3 8.3 7.7 8.0 8.0 8.1 8.1 8.1 8.1 8.1 8.7 8.7 11.1 11.1 11.1 12.7 12.7 12.7 14.8 14.8 17.1 17.1 17.1 18.4 18.4 16.7 16.7 16.7 16.7 14.6 14.6 14.0 12.9 12.9 10.8 10.8 8.6 8.6 8.6 8.3 8.3 8.3 8.3 8.3 8.3 8.3 8.3 8.3 8.3 8.3 8.3 8.3 7.9 8.1 8.1 8.1 8.1 8.1 8.1 6.0 6.0 4.6 4.6 4.6 -999
-999 -999 -999 4.5 4.5 5.1 7.4 7.4 8.0 8.0 8.1 8.1 8.1 8.1 8.1 8.1 8.0 8.0 8.0 8.0 8.0 8.0 8.0 7.8 8.1 7.8 8.7 8.7 11.1 11.1 11.1 12.7 12.7 14.3 14.8 14.3 15.6 15.6 17.1 17.1 16.5 16.5 15.3 15.3 15.3 14.0 14.0 14.0 12.9 12.9 10.8 10.8 8.6 8.6 8.6 8.3 8.3 8.3 8.3 8.3 8.3 8.0 8.1 8.0 8.0 7.7 7.8 7.8 8.1 8.1 8.1 8.1 8.1 8.1 8.1 6.0 6.0 4.6 4.6 4.6 -999
-999 -999 -999 4.5 4.5 5.0 7.4 7.4 8.0 8.0 8.0 8.1 8.1 8.1 8.1 8.2 8.0 7.7 8.0 8.0 8.0 8.2 8.2 8.2 8.2 8.0 8.7 9.2 9.2 11.1 11.1 12.7 12.7 14.3 14.3 14.3 15.6 15.6 15.6 16.5 16.5 16.5 16.5 15.3 15.3 14.0 14.0 12.9 12.9 12.9 11.0 11.0 8.6 8.6 8.6 8.3 8.3 8.3 8.3 8.3 8.1 8.1 8.1 8.1 8.1 8.0 8.0 7.9 8.1 8.1 8.1 8.1 8.1 8.1 8.1 8.1 6.0 4.6 4.6 4.6 -999
-999 -999 -999 5.0 5.0 5.0 7.4 7.4 8.0 8.0 8.0 8.0 8.1 8.1 8.2 8.2 8.2 8.2 7.7 8.0 8.0 8.2 8.2 8.2 8.2 8.0 9.2 9.2 10.9 11.1 12.5 12.7 12.5 12.5 14.3 14.3 15.6 15.6 14.2 16.5 16.5 15.3 15.3 15.3 14.1 14.1 14.0 12.9 12.9 12.9 11.0 11.0 8.6 8.6 8.6 7.9 8.3 8.3 8.3 8.3 8.1 8.1 8.1 8.1 8.1 8.0 8.0 8.0 7.9 8.1 8.1 8.1 8.1 7.5 7.5 6.0 6.0 5.1 4.6 4.6 -999
-999 -999 -999 5.0 5.0 5.0 7.4 7.4 7.4 7.7 8.0 7.7 7.7 8.3 8.2 8.2 8.2 8.2 8.0 8.0 8.0 8.2 8.3 8.3 8.2 8.0 9.2 9.2 10.9 10.9 10.9 12.5 12.5 13.8 13.8 13.8 14.2 14.2 14.2 14.7 14.7 14.7 14.7 15.3 14.1 13.5 13.5 12.5 12.5 12.5 12.5 11.0 11.0 8.6 8.6 8.6 7.9 7.9 8.1 8.1 8.1 8.3 8.1 8.1 8.1 8.0 8.0 8.0 7.9 7.9 7.8 7.9 7.7 7.5 7.5 5.1 5.1 5.1 -999 -999 -999
-999 -999 5.1 5.9 5.9 5.9 7.8 7.8 7.8 8.0 8.0 8.3 8.3 8.3 8.3 8.2 8.2 8.1 8.2 8.2 8.2 8.3 8.3 8.3 8.3 8.0 8.4 9.2 10.4 10.9 10.9 12.5 12.5 13.8 13.8 13.8 14.2 14.2 14.7 14.7 14.7 14.7 14.1 14.1 14.1 13.5 13.5 12.6 12.5 12.5 11.0 11.0 8.9 8.9 8.9 8.6 7.9 7.9 8.1 8.1 8.1 8.3 8.3 8.3 8.3 8.0 8.1 8.1 8.1 8.1 7.8 7.9 7.9 7.9 7.9 5.1 5.1 -999 -999 -999 -999
5.1 5.1 5.1 5.1 5.9 5.9 7.8 7.8 8.3 8.0 8.3 8.3 8.3 8.3 8.3 8.1 8.2 8.1 8.2 8.2 8.3 8.3 8.3 8.3 8.3 8.3 8.4 8.4 10.4 10.4 10.9 12.3 12.5 12.5 12.5 13.8 13.8 12.6 12.6 12.6 12.6 12.6 12.6 14.1 12.6 13.5 12.6 12.6 11.9 11.9 11.0 10.1 10.1 8.9 8.9 7.9 7.9 7.9 7.9 7.9 7.9 8.3 8.3 8.3 8.3 8.0 8.1 8.1 8.1 8.1 7.8 7.9 7.9 7.9 7.9 4.9 5.1 4.9 -999 -999 -999
-999 5.1 5.1 5.1 5.9 5.9 7.8 8.3 8.3 8.3 8.2 8.3 8.3 8.3 8.3 8.1 8.1 8.1 7.9 8.2 8.2 8.3 8.3 8.3 8.3 8.4 8.4 8.4 10.4 10.4 10.4 12.3 12.3 12.5 12.5 12.5 12.5 12.2 12.6 12.6 12.6 12.6 12.6 12.4 12.6 12.6 12.6 12.6 11.9 11.9 10.1 10.1 9.6 8.9 8.2 7.9 7.9 8.2 8.2 8.2 8.3 8.3 8.3 8.3 8.3 8.0 8.3 8.3 8.3 8.3 7.9 7.9 7.9 7.9 7.9 4.9 4.9 4.9 -999 -999 -999
-999 4.5 5.1 5.8 5.9 5.8 8.3 8.3 8.3 8.3 8.3 8.2 8.3 8.3 7.9 7.8 8.1 8.1 7.8 8.2 8.2 8.2 8.3 8.3 8.1 8.3 8.3 8.4 10.4 10.4 10.4 10.4 12.3 12.3 12.5 12.5 12.5 12.2 12.2 12.6 12.6 12.6 12.4 12.4 12.6 10.8 10.8 10.8 11.9 10.7 10.1 10.1 9.6 8.9 8.2 7.9 8.2 8.2 8.2 8.2 7.8 8.3 8.3 8.3 8.3 8.0 8.3 8.3 8.3 8.3 7.9 7.9 7.9 7.9 7.9 7.4 4.9 -999 -999 -999 -999
-999 4.5 4.5 5.8 5.8 5.8 8.3 8.3 8.3 8.3 8.3 8.2 8.2 8.0 7.9 7.8 7.8 8.2 7.8 8.0 8.0 8.0 8.1 8.1 8.1 8.1 8.3 8.3 9.6 9.6 9.6 10.2 10.2 11.0 11.0 11.0 11.0 11.0 10.8 10.8 12.6 10.8 10.8 10.6 10.8 10.8 10.8 10.8 10.7 10.7 9.6 9.6 8.2 8.2 8.2 8.1 8.2 8.2 8.2 8.2 7.8 8.3 8.3 8.3 8.3 8.0 8.3 8.3 8.3 8.3 8.2 7.9 7.9 7.6 7.4 4.6 4.6 -999 -999 -999 -999
-999 -999 4.5 4.5 4.7 5.8 7.3 8.3 8.3 8.2 8.2 8.2 8.0 8.0 8.0 8.0 8.0 8.2 8.2 8.2 8.0 8.0 8.1 8.1 8.1 8.1 8.3 8.3 8.3 9.6 9.6 10.2 10.2 10.2 11.0 11.0 11.0 10.8 10.8 10.8 10.8 10.8 10.6 10.6 10.8 10.8 10.8 10.8 10.7 9.6 9.6 9.6 8.2 8.2 8.2 8.1 8.2 8.2 8.2 8.3 8.3 8.3 8.3 8.3 8.3 8.1 8.3 8.3 8.3 8.3 8.2 8.2 8.2 7.6 7.6 4.9 4.9 4.9 -999 -999 -999
-999 -999 4.5 -999 4.7 4.7 7.3 8.3 7.8 7.8 7.8 8.0 8.0 8.0 8.0 8.0 8.2 8.2 8.2 8.2 7.9 8.1 8.1 8.1 8.1 8.2 8.1 8.1 8.1 9.6 8.3 8.7 8.7 8.7 8.7 8.5 11.0 8.2 8.7 8.7 9.0 10.8 9.0 9.0 9.0 8.7 8.7 8.7 10.7 8.7 8.7 8.3 8.3 8.1 8.2 8.1 8.2 8.2 8.2 8.3 8.3 8.3 8.3 8.1 8.1 8.2 8.2 8.2 8.2 8.2 8.2 8.2 7.6 7.6 7.6 7.6 4.9 4.9 -999 -999 -999
-999 -999 -999 4.7 4.7 4.9 7.3 7.3 7.8 8.2 8.2 8.3 8.3 8.3 8.3 8.0 8.2 8.2 8.2 8.2 8.1 8.1 8.3 8.3 8.2 8.2 8.2 8.1 8.1 8.3 8.3 8.7 8.7 8.7 8.5 8.5 8.5 8.2 8.2 8.7 8.7 8.7 9.0 9.0 9.0 8.7 8.7 8.7 8.7 8.7 8.7 8.3 8.0 8.0 8.1 8.1 8.2 8.3 8.3 8.3 8.3 8.3 8.1 8.1 8.1 8.1 8.2 8.2 8.2 8.2 8.2 8.2 7.6 7.6 7.6 4.9 4.9 4.9 -999 -999 -999
-999 -999 -999 4.9 4.9 4.9 7.3 7.3 7.3 8.2 8.2 8.3 8.3 8.3 8.3 8.0 8.0 8.2 8.2 8.1 8.1 8.3 8.3 8.3 8.3 8.2 8.2 8.2 8.0 8.3 8.3 8.3 8.7 8.7 8.2 8.5 8.5 8.2 8.2 8.7 8.7 8.7 8.2 9.0 8.7 8.7 8.3 8.7 8.7 8.3 8.3 8.3 8.0 8.0 8.1 8.1 8.3 8.3 8.3 8.3 8.3 8.3 8.1 7.8 8.1 8.1 8.1 8.2 8.2 8.2 8.2 8.2 7.6 7.6 5.6 4.7 4.7 4.7 -999 -999 -999
-999 -999 -999 4.9 4.9 4.9 5.7 5.7 5.7 8.2 8.2 8.3 8.3 8.3 8.3 8.0 8.0 8.1 8.1 8.1 8.1 8.3 8.3 8.3 8.3 8.3 8.2 8.2 8.2 8.0 8.2 8.2 8.2 8.2 8.2 8.3 7.7 7.7 8.0 7.8 8.3 8.3 8.2 8.2 8.2 7.9 8.3 8.3 8.3 8.3 7.7 8.0 8.1 8.1 8.0 8.3 8.3 8.3 8.3 8.3 8.1 8.1 8.1 7.8 8.1 8.2 8.1 8.1 7.9 7.9 7.7 7.7 5.6 5.6 5.6 5.6 4.7 4.7 -999 -999 -999
-999 -999 -999 -999 4.9 4.9 4.9 5.7 8.2 8.2 8.2 8.3 8.3 8.3 8.3 8.0 8.1 8.1 8.1 8.1 8.1 8.1 8.3 8.3 8.3 8.2 8.2 8.1 8.1 8.1 8.0 8.2 8.2 8.2 8.3 8.3 8.3 8.3 8.3 8.3 8.3 8.3 8.2 8.2 8.2 8.2 8.3 8.3 8.3 8.3 8.3 8.1 8.1 8.1 8.2 8.2 8.3 8.3 8.3 8.3 8.1 8.1 8.1 8.1 8.2 8.2 8.2 8.2 7.9 7.9 7.7 7.7 7.7 5.6 5.6 4.7 4.7 -999 -999 -999 -999
-999 -999 -999 -999 4.9 -999 4.5 4.5 6.0 6.0 7.7 8.3 7.9 8.0 8.0 8.0 8.1 8.1 8.1 8.1 7.7 8.0 8.3 8.3 8.1 8.2 8.1 8.1 8.1 8.1 8.0 8.0 8.2 7.9 8.3 8.3 8.3 8.3 8.3 8.3 8.3 8.3 8.3 8.2 8.2 8.2 8.2 8.3 7.9 7.9 7.9 8.1 8.1 8.2 8.2 8.2 8.2 7.8 8.3 8.0 8.1 8.1 8.1 8.1 8.2 8.2 8.2 8.2 7.7 7.7 7.7 5.8 5.8 5.6 4.7 4.7 -999 -999 -999 -999 -999
-999 -999 -999 -999 -999 -999 4.5 4.5 4.5 6.0 7.7 7.7 7.9 8.0 8.0 8.0 8.1 8.1 8.1 8.1 8.1 8.0 8.0 8.0 8.1 8.1 8.1 8.1 8.1 8.1 7.8 7.9 7.9 7.9 8.3 8.3 8.3 8.0 8.3 8.3 8.3 8.3 8.2 8.2 8.4 8.4 8.4 8.2 7.9 8.1 8.1 8.1 8.1 8.2 8.2 8.2 8.2 8.2 8.2 8.2 8.2 8.2 8.2 8.2 8.2 8.2 8.2 7.7 7.9 7.7 5.8 5.8 5.8 4.7 4.7 -999 -999 -999 -999 -999 -999
-999 -999 -999 -999 -999 -999 4.5 -999 -999 6.0 6.0 7.9 7.9 7.9 7.9 8.0 8.0 7.8 7.8 8.1 8.1 8.1 8.1 8.0 8.1 7.8 8.1 8.1 7.8 7.8 7.8 7.9 7.9 7.9 7.9 8.3 8.3 8.0 8.0 8.3 8.3 8.0 8.2 8.0 8.4 8.4 8.4 7.8 7.9 8.1 8.1 8.1 8.1 8.1 8.2 8.2 8.2 8.1 8.2 8.2 8.2 8.2 8.2 8.1 8.1 8.2 8.2 7.9 7.9 7.9 5.8 5.8 4.7 4.7 -999 -999 -999 -999 -999 -999 -999
-999 -999 -999 -999 -999 -999 -999 -999 4.5 4.5 4.5 7.9 7.9 7.9 7.9 8.3 7.8 8.1 8.1 8.1 8.1 8.1 8.1 7.9 8.1 8.1 7.8 7.8 7.8 7.8 7.9 7.9 8.2 7.9 8.1 8.1 7.7 7.9 7.9 8.3 8.3 8.3 8.3 8.0 8.4 8.4 8.4 8.2 8.2 8.2 8.1 8.1 8.1 8.1 8.1 8.1 8.1 8.1 8.2 8.2 8.2 8.2 8.2 8.1 8.1 8.2 7.9 7.9 7.9 7.9 4.6 4.6 -999 -999 -999 -999 -999 -999 -999 -999 -999
-999 -999 -999 -999 -999 -999 -999 -999 -999 4.7 4.7 7.9 7.9 7.9 8.3 8.3 8.3 8.1 8.1 8.1 8.1 8.2 8.2 8.2 8.2 8.1 8.1 8.2 8.2 8.2 7.9 8.2 8.2 8.2 8.2 8.1 8.1 7.9 7.9 8.3 8.3 8.3 8.3 8.3 8.4 8.4 8.4 8.2 8.2 8.2 8.1 8.3 8.3 8.3 8.3 8.3 8.2 8.2 8.2 8.2 8.2 8.2 8.2 8.1 8.2 8.2 8.2 7.9 7.9 7.9 5.0 5.0 -999 -999 -999 -999 -999 -999 -999 -999 -999
-999 -999 -999 -999 -999 -999 -999 -999 4.7 4.7 4.7 7.4 7.4 8.3 8.3 8.3 8.3 8.3 8.1 8.1 8.1 8.2 8.2 8.2 8.2 8.1 8.2 8.2 8.2 8.2 7.9 8.2 8.2 8.2 8.2 8.2 8.1 8.1 7.9 8.3 8.3 8.3 8.3 8.3 8.3 7.8 8.2 8.2 8.2 8.2 7.9 8.3 8.3 8.3 8.3 8.1 8.2 8.2 8.2 8.2 8.0 8.2 8.1 8.2 8.2 8.2 8.2 8.2 7.6 7.6 5.0 5.0 -999 -999 -999 -999 -999 -999 -999 -999 -999
-999 -999 -999 -999 -999 -999 -999 -999 4.7 4.7 4.8 8.0 8.0 8.3 8.3 8.3 8.3 8.1 8.1 8.1 8.1 8.2 8.3 8.3 8.2 8.1 8.2 8.2 8.2 8.2 8.2 8.2 8.3 8.2 8.2 8.1 8.1 7.9 8.3 8.3 8.3 8.3 8.3 8.3 8.3 8.0 8.2 8.3 8.3 8.2 7.9 8.3 8.3 8.3 8.3 8.1 8.2 8.2 8.2 8.2 8.1 8.1 8.1 8.2 8.2 8.2 8.2 8.2 7.7 7.7 5.0 5.0 -999 -999 -999 -999 -999 -999 -999 -999 -999
-999 -999 -999 -999 -999 -999 -999 -999 4.8 4.8 4.8 8.0 8.0 8.0 8.3 8.3 8.3 8.2 8.1 8.1 8.1 8.3 8.3 8.3 8.3 8.1 8.1 7.8 8.2 7.9 7.9 8.3 8.3 8.3 8.3 8.1 8.0 7.9 7.9 7.9 8.3 8.3 8.2 8.3 8.2 8.0 8.0 8.3 8.3 8.3 7.9 8.3 8.3 8.3 8.3 8.1 8.2 8.2 8.2 8.1 8.1 8.1 8.1 8.2 8.2 8.2 8.2 7.7 7.7 7.7 5.0 4.9 -999 -999 -999 -999 -999 -999 -999 -999 -999
-999 -999 -999 -999 -999 -999 -999 -999 4.8 4.8 4.8 8.0 8.0 8.2 8.2 8.3 8.2 8.0 8.1 8.1 8.1 8.3 8.3 8.3 8.3 8.3 7.8 7.8 7.9 8.3 7.9 8.3 8.3 8.3 8.3 8.0 8.2 8.0 7.9 7.9 7.9 8.2 8.2 8.2 8.2 8.2 8.3 8.3 8.3 8.3 7.9 7.9 7.9 8.1 8.1 8.1 8.1 8.1 8.1 8.1 8.1 8.1 8.1 8.2 8.2 8.2 8.2 8.2 7.7 7.7 4.9 4.9 -999 -999 -999 -999 -999 -999 -999 -999 -999
-999 -999 -999 -999 -999 -999 -999 -999 4.8 4.8 4.8 8.0 8.0 8.0 8.2 8.2 8.2 8.0 8.0 8.1 8.1 8.1 8.3 8.3 8.3 8.2 8.2 8.2 8.1 8.3 8.3 8.3 8.3 8.3 8.3 8.0 8.2 8.2 8.2 8.2 7.9 8.2 8.2 8.2 8.2 8.2 8.3 8.3 8.3 8.3 8.2 8.2 7.9 7.9 8.1 8.1 8.1 8.1 8.1 8.1 8.1 8.1 8.0 8.0 8.2 8.2 8.2 8.2 7.7 7.7 4.9 4.9 4.8 -999 -999 -999 -999 -999 -999 -999 -999
-999 -999 -999 -999 -999 -999 -999 -999 4.8 4.8 4.8 6.3 6.3 7.8 7.8 8.2 7.8 7.8 7.8 7.8 8.1 8.1 7.9 8.3 8.2 8.2 8.2 8.2 8.1 8.3 8.3 8.3 8.3 8.3 8.3 8.0 8.2 8.2 8.2 8.2 7.9 8.1 8.2 8.2 8.2 8.2 8.2 8.2 8.3 8.2 8.2 8.2 8.2 7.9 7.9 8.1 7.9 7.9 8.1 7.9 8.1 7.6 7.6 8.0 8.2 7.5 7.5 7.5 7.7 6.1 4.8 4.8 4.8 -999 -999 -999 -999 -999 -999 -999 -999
-999 -999 -999 -999 -999 -999 -999 -999 -999 4.8 4.8 6.3 6.3 6.3 7.8 7.8 7.8 7.8 7.8 7.8 7.4 7.9 7.9 7.9 8.2 8.2 8.2 8.2 8.3 8.3 8.3 8.3 8.3 8.3 8.3 8.2 8.2 8.2 8.2 8.2 8.1 8.1 8.1 8.2 8.2 8.2 8.2 8.2 8.3 8.3 8.3 8.3 8.2 7.9 7.9 7.9 7.9 7.9 7.9 7.9 7.6 7.6 7.6 7.6 7.6 7.5 7.5 7.5 6.1 6.1 4.8 4.8 -999 -999 -999 -999 -999 -999 -999 -999 -999
-999 -999 -999 -999 -999 -999 -999 -999 -999 4.8 -999 6.3 6.3 6.3 6.3 7.8 7.8 7.8 7.8 7.8 7.4 7.4 7.9 8.2 8.2 8.2 8.2 8.1 8.1 8.1 8.1 8.3 8.1 8.3 8.3 8.2 8.2 8.2 8.2 8.2 8.1 8.1 8.1 8.1 8.2 8.2 8.1 8.1 8.3 8.3 8.3 8.3 7.9 7.9 7.9 7.9 7.9 7.9 7.9 7.9 7.6 7.6 7.6 7.6 7.6 7.5 7.5 6.1 6.1 6.1 4.8 4.8 -999 -999 -999 -999 -999 -999 -999 -999 -999
-999 -999 -999 -999 -999 -999 -999 -999 -999 -999 -999 4.7 4.7 4.9 4.9 5.0 5.0 5.0 5.0 5.0 5.0 6.0 6.0 8.2 8.2 8.2 8.2 8.2 8.1 8.1 8.1 8.1 8.1 7.9 7.9 7.9 8.1 8.1 8.1 8.1 8.1 8.1 8.1 8.1 8.0 8.1 8.1 8.1 8.3 8.3 8.3 8.3 7.9 7.9 7.9 7.9 6.2 4.7 5.1 5.1 5.1 5.1 5.1 5.1 5.1 5.1 5.1 5.1 4.8 4.8 -999 -999 -999 -999 -999 -999 -999 -999 -999 -999 -999
-999 -999 -999 -999 -999 -999 -999 -999 -999 -999 -999 4.7 4.7 4.7 4.9 4.9 5.0 5.0 5.0 5.0 5.0 5.0 6.0 6.0 8.2 8.2 8.2 8.2 8.0 8.1 8.1 8.1 7.8 7.9 7.9 7.9 8.1 8.1 8.1 8.1 8.1 8.1 8.0 8.0 8.0 8.0 8.3 8.3 8.3 8.3 8.3 8.3 7.9 7.9 7.9 6.2 6.2 4.8 4.7 5.1 5.1 5.1 4.6 5.1 5.1 5.1 5.1 4.8 4.8 4.8 -999 -999 -999 -999 -999 -999 -999 -999 -999 -999 -999
-999 -999 -999 -999 -999 -999 -999 -999 -999 -999 -999 -999 -999 -999 -999 -999 -999 5.0 5.0 5.0 5.0 5.0 6.0 5.0 8.2 7.9 7.9 7.9 8.0 7.9 7.9 8.1 7.5 7.8 7.8 7.8 7.8 7.5 7.7 8.1 8.1 7.9 7.9 7.9 8.0 8.0 8.3 8.3 8.3 8.3 8.3 8.3 8.2 7.9 7.9 4.8 4.8 -999 -999 -999 5.1 -999 -999 4.6 5.1 5.1 -999 -999 -999 -999 -999 -999 -999 -999 -999 -999 -999 -999 -999 -999 -999
-999 -999 -999 -999 -999 -999 -999 -999 -999 -999 -999 -999 -999 -999 -999 -999 -999 -999 -999 -999 -999 5.0 5.0 6.1 6.1 6.1 7.9 7.9 7.9 7.9 7.6 7.6 7.6 7.8 7.8 7.8 7.8 7.5 7.5 7.7 7.7 7.9 7.9 7.9 8.0 8.0 8.3 8.3 8.3 8.3 8.2 8.2 8.2 7.9 7.9 7.9 4.9 -999 -999 -999 -999 -999 -999 -999 -999 -999 -999 -999 -999 -999 -999 -999 -999 -999 -999 -999 -999 -999 -999 -999 -999
-999 -999 -999 -999 -999 -999 -999 -999 -999 -999 -999 -999 -999 -999 -999 -999 -999 -999 -999 -999 -999 5.0 5.0 5.0 5.0 6.1 6.1 5.1 7.9 7.6 7.6 7.6 7.5 7.5 7.8 7.8 7.8 7.5 5.1 7.7 7.7 5.1 4.8 7.9 7.9 6.3 8.3 8.3 8.3 8.3 8.2 8.2 7.9 7.9 7.9 4.9 4.9 4.9 -999 -999 -999 -999 -999 -999 -999 -999 -999 -999 -999 -999 -999 -999 -999 -999 -999 -999 -999 -999 -999 -999 -999
-999 -999 -999 -999 -999 -999 -999 -999 -999 -999 -999 -999 -999 -999 -999 -999 -999 -999 -999 -999 -999 -999 -999 -999 4.9 4.9 5.1 5.1 5.1 5.1 5.1 5.1 5.1 5.7 5.7 5.7 5.7 5.1 5.1 5.1 5.1 5.1 4.8 6.3 6.3 6.3 8.0 8.0 8.0 8.0 6.3 6.3 7.9 4.9 4.9 4.9 4.9 4.9 -999 -999 -999 -999 -999 -999 -999 -999 -999 -999 -999 -999 -999 -999 -999 -999 -999 -999 -999 -999 -999 -999 -999
-999 -999 -999 -999 -999 -999 -999 -999 -999 -999 -999 -999 -999 -999 -999 -999 -999 -999 -999 -999 -999 -999 -999 -999 4.9 4.9 5.1 5.1 5.1 5.1 5.1 5.1 4.7 5.7 5.7 5.7 5.7 5.1 5.1 5.1 5.1 5.1 4.8 6.3 6.3 6.3 8.0 8.0 8.0 8.0 8.0 6.3 6.3 4.9 4.9 4.9 4.9 -999 -999 -999 -999 -999 -999 -999 -999 -999 -999 -999 -999 -999 -999 -999 -999 -999 -999 -999 -999 -999 -999 -999 -999
-999 -999 -999 -999 -999 -999 -999 -999 -999 -999 -999 -999 -999 -999 -999 -999 -999 -999 -999 -999 -999 -999 -999 -999 -999 -999 -999 -999 -999 -999 5.1 -999 4.7 4.7 4.7 4.7 4.7 5.1 5.1 -999 -999 -999 -999 4.8 4.8 4.8 8.0 8.0 8.0 4.9 4.9 6.3 4.9 4.5 -999 -999 4.9 -999 -999 -999 -999 -999 -999 -999 -999 -999 -999 -999 -999 -999 -999 -999 -999 -999 -999 -999 -999 -999 -999 -999 -999
-999 -999 -999 -999 -999 -999 -999 -999 -999 -999 -999 -999 -999 -999 -999 -999 -999 -999 -999 -999 -999 -999 -999 -999 -999 -999 -999 -999 -999 -999 -999 -999 -999 -999 4.7 4.7 4.7 -999 -999 -999 -999 -999 -999 4.8 4.8 4.8 4.9 4.9 4.9 4.9 4.9 4.9 -999 -999 -999 -999 -999 -999 -999 -999 -999 -999 -999 -999 -999 -999 -999 -999 -999 -999 -999 -999 -999 -999 -999 -999 -999 -999 -999 -999 -999
-999 -999 -999 -999 -999 -999 -999 -999 -999 -999 -999 -999 -999 -999 -999 -999 -999 -999 -999 -999 -999 -999 -999 -999 -999 -999 -999 -999 -999 -999 -999 -999 -999 -999 4.7 -999 -999 -999 -999 -999 -999 -999 -999 -999 4.8 -999 -999 4.9 4.9 -999 -999 4.9 -999 -999 -999 -999 -999 -999 -999 -999 -999 -999 -999 -999 -999 -999 -999 -999 -999 -999 -999 -999 -999 -999 -999 -999 -999 -999 -999 -999 -999
-999 -999 -999 -999 -999 -999 -999 -999 -999 -999 -999 -999 -999 -999 -999 -999 -999 -999 -999 -999 -999 -999 -999 -999 -999 -999 -999 -999 -999 -999 -999 -999 -999 -999 -999 -999 -999 -999 -999 -999 -999 -999 -999 -999 -999 -999 -999 -999 -999 -999 -999 -999 -999 -999 -999 -999 -999 -999 -999 -999 -999 -999 -999 -999 -999 -999 -999 -999 -999 -999 -999 -999 -999 -999 -999 -999 -999 -999 -999 -999 -999
#mats
# Gs:Sand:0.843137, 0.788235, 0.639216 11
# Gs:Slate:0.631373, 0.627451, 0.568627 8
# Gs:Slate:0.670588, 0.662745, 0.603922 9
# Gs:Slate:0.690196, 0.67451, 0.596078 17
# Gs:Slate:0.584314, 0.588235, 0.552941 5
# Gs:Sand:0.803922, 0.764706, 0.643137 5
# Gs:Sand:0.835294, 0.776471, 0.631373 11
# Gs:Slate:0.631373, 0.639216, 0.6 147
# Gs:Slate:0.643137, 0.635294, 0.576471 7
# Gs:Sand:0.788235, 0.745098, 0.627451 5
# Gs:Slate:0.592157, 0.6, 0.564706 71
# Gs:Slate:0.662745, 0.647059, 0.572549 4
# Gs:Slate:0.580392, 0.588235, 0.54902 63
# Gs:Slate:0.705882, 0.690196, 0.611765 17
# Gs:Slate:0.65098, 0.647059, 0.588235 5
# Gs:Slate:0.678431, 0.662745, 0.588235 40
# Gs:Sand:0.85098, 0.792157, 0.643137 7
# Gs:Slate:0.584314, 0.592157, 0.556863 65
# Gs:Sand:0.882353, 0.823529, 0.670588 51
# Gs:Sand:0.85098, 0.792157, 0.647059 10
# Gs:Sand:0.788235, 0.74902, 0.631373 8
# Gs:Sand:0.843137, 0.784314, 0.639216 15
# Gs:Slate:0.631373, 0.623529, 0.564706 12
# Gs:Slate:0.615686, 0.623529, 0.588235 67
# Gs:Slate:0.698039, 0.682353, 0.603922 10
# Gs:Slate:0.619608, 0.623529, 0.588235 5
# Gs:Sand:0.854902, 0.8, 0.65098 5
# Gs:Slate:0.631373, 0.639216, 0.603922 103
# Gs:Slate:0.67451, 0.670588, 0.611765 13
# Gs:Sand:0.784314, 0.745098, 0.627451 7
# Gs:Slate:0.592157, 0.6, 0.560784 131
# Gs:Slate:0.67451, 0.658824, 0.584314 15
# Gs:Slate:0.627451, 0.631373, 0.596078 17
# Gs:Slate:0.678431, 0.670588, 0.611765 19
# Gs:Slate:0.576471, 0.584314, 0.545098 78
# Gs:Sand:0.862745, 0.803922, 0.654902 12
# Gs:Sand:0.886275, 0.827451, 0.67451 36
# Gs:Slate:0.603922, 0.607843, 0.572549 8
# Gs:Slate:0.666667, 0.65098, 0.576471 16
# Gs:Slate:0.678431, 0.67451, 0.615686 13
# Gs:Slate:0.588235, 0.596078, 0.560784 61
# Gs:Slate:0.635294, 0.631373, 0.572549 9
# Gs:Slate:0.576471, 0.584314, 0.54902 80
# Gs:Slate:0.615686, 0.623529, 0.584314 242
# Gs:Slate:0.662745, 0.658824, 0.596078 13
# Gs:Slate:0.6, 0.603922, 0.568627 24
# Gs:Slate:0.627451, 0.623529, 0.564706 17
# Gs:Slate:0.658824, 0.65098, 0.592157 9
# Gs:Slate:0.6, 0.607843, 0.568627 155
# Gs:Slate:0.701961, 0.686275, 0.607843 15
# Gs:Slate:0.713726, 0.698039, 0.623529 16
# Gs:Slate:0.596078, 0.603922, 0.564706 140
# Gs:Slate:0.647059, 0.643137, 0.584314 4
# Gs:Sand:0.866667, 0.807843, 0.658824 10
# Gs:Slate:0.584314, 0.592157, 0.552941 99
# Gs:Slate:0.713726, 0.698039, 0.619608 9
# Gs:Sand:0.835294, 0.780392, 0.635294 24
# Gs:Slate:0.701961, 0.682353, 0.607843 3
# Gs:Sand:0.780392, 0.741176, 0.619608 5
# Gs:Sand:0.760784, 0.721569, 0.607843 10
# Gs:Slate:0.670588, 0.666667, 0.607843 17
# Gs:Sand:0.839216, 0.784314, 0.635294 8
# Gs:Sand:0.890196, 0.831373, 0.682353 4
# Gs:Slate:0.615686, 0.619608, 0.584314 15
# Gs:Slate:0.694118, 0.678431, 0.6 27
# Gs:Sand:0.878431, 0.819608, 0.666667 27
# Gs:Slate:0.623529, 0.631373, 0.596078 143
# Gs:Sand:0.886275, 0.827451, 0.682353 38
# Gs:Slate:0.686275, 0.670588, 0.596078 15
# Gs:Slate:0.709804, 0.698039, 0.619608 3
# Gs:Slate:0.678431, 0.662745, 0.584314 3
# Gs:Slate:0.713726, 0.701961, 0.623529 8
# Gs:Sand:0.886275, 0.827451, 0.678431 79
# Gs:Sand:0.847059, 0.788235, 0.643137 18
# Gs:Sand:0.807843, 0.764706, 0.643137 14
# Gs:Sand:0.819608, 0.780392, 0.666667 6
# Gs:Sand:0.854902, 0.796078, 0.65098 8
# Gs:Slate:0.623529, 0.619608, 0.560784 18
# Gs:Slate:0.619608, 0.627451, 0.588235 132
# Gs:Slate:0.603922, 0.611765, 0.572549 176
# Gs:Slate:0.580392, 0.588235, 0.552941 87
# Gs:Slate:0.627451, 0.635294, 0.596078 188
# Gs:Sand:0.847059, 0.792157, 0.643137 3
# Gs:Slate:0.572549, 0.580392, 0.545098 114
# Gs:Sand:0.780392, 0.741176, 0.623529 8
# Gs:Sand:0.886275, 0.823529, 0.67451 49
# Gs:Slate:0.592157, 0.596078, 0.560784 9
# Gs:Slate:0.654902, 0.65098, 0.588235 11
# Gs:Sand:0.819608, 0.776471, 0.658824 4
# Gs:Slate:0.619608, 0.627451, 0.592157 63
# Gs:Sand:0.815686, 0.772549, 0.654902 24
# Gs:Sand:0.831373, 0.772549, 0.631373 4
# Gs:Slate:0.65098, 0.643137, 0.584314 4
# Gs:Sand:0.815686, 0.776471, 0.654902 5
# Gs:Slate:0.576471, 0.580392, 0.545098 36
# Gs:Slate:0.717647, 0.701961, 0.627451 17
# Gs:Sand:0.807843, 0.768627, 0.643137 8
# Gs:Slate:0.717647, 0.701961, 0.623529 4
# Gs:Slate:0.666667, 0.662745, 0.6 24
# Gs:Sand:0.807843, 0.768627, 0.647059 7
# Gs:Sand:0.811765, 0.768627, 0.647059 10
# Gs:Sand:0.890196, 0.831373, 0.690196 33
# Gs:Slate:0.631373, 0.635294, 0.6 34
# Gs:Slate:0.623529, 0.627451, 0.592157 23
# Gs:Sand:0.835294, 0.776471, 0.635294 9
# Gs:Sand:0.819608, 0.776471, 0.662745 6
# Gs:Slate:0.721569, 0.705882, 0.631373 50
# Gs:Sand:0.890196, 0.831373, 0.686275 73
# Gs:Slate:0.588235, 0.592157, 0.556863 9
# Gs:Slate:0.670588, 0.654902, 0.580392 16
# Gs:Slate:0.611765, 0.619608, 0.584314 8
# Gs:Sand:0.772549, 0.733333, 0.615686 16
# Gs:Slate:0.611765, 0.619608, 0.580392 291
# Gs:Sand:0.815686, 0.776471, 0.658824 17
# Gs:Sand:0.886275, 0.831373, 0.682353 18
# Gs:Slate:0.662745, 0.647059, 0.576471 17
# Gs:Slate:0.580392, 0.584314, 0.54902 24
# Gs:Slate:0.627451, 0.635294, 0.6 118
# Gs:Slate:0.643137, 0.639216, 0.580392 6
# Gs:Slate:0.623529, 0.631373, 0.592157 188
# Gs:Slate:0.588235, 0.596078, 0.556863 147
# Gs:Slate:0.670588, 0.666667, 0.603922 9
# Gs:Slate:0.682353, 0.666667, 0.592157 7
# Gs:Slate:0.709804, 0.694118, 0.619608 28
# Gs:Slate:0.596078, 0.603922, 0.568627 43
# Gs:Sand:0.858824, 0.8, 0.65098 13
# Gs:Slate:0.607843, 0.615686, 0.576471 75
# Gs:Sand:0.792157, 0.74902, 0.631373 9
# Gs:Sand:0.854902, 0.796078, 0.647059 26
# Gs:Slate:0.647059, 0.639216, 0.580392 5
# Gs:Slate:0.709804, 0.694118, 0.615686 48