-2080 -440 -3730 -2030 20
-1,-1,-1,-1,-1,-1,-1,-1,-1,-1,-1,-1,-1,-1,-1,-1,-1,-1,-1,-1,-1,-1,-1,-1,-1,-1,-1,-1,-1,-1,-1,-1,-1,-1,43.5,-1,-1,-1,-1,-1,-1,-1,-1,-1,-1,-1,-1,-1,-1,-1,-1,-1,-1,-1,-1,-1,-1,-1,-1,-1,-1,-1,-1,-1,-1,-1,-1,-1,-1,-1,-1,-1,-1,-1,-1,-1,-1,-1,-1,-1,-1,-1,-1
-1,-1,-1,-1,-1,-1,-1,-1,-1,-1,-1,-1,-1,-1,-1,-1,-1,-1,-1,-1,-1,-1,-1,-1,-1,-1,-1,-1,-1,-1,-1,-1,-1,43.5,43.5,43.5,43.5,-1,-1,-1,-1,-1,-1,-1,-1,-1,-1,-1,-1,-1,-1,-1,-1,-1,-1,-1,-1,-1,-1,-1,-1,-1,-1,-1,-1,-1,-1,-1,-1,-1,-1,-1,-1,-1,-1,-1,-1,-1,-1,-1,-1,-1,-1
-1,-1,-1,-1,-1,-1,-1,-1,-1,-1,-1,-1,-1,-1,-1,-1,-1,-1,-1,-1,-1,-1,-1,-1,-1,-1,-1,-1,-1,-1,-1,-1,-1,43.5,43.5,43.5,43.5,43.5,-1,-1,46.9,-1,-1,-1,-1,46.3,-1,-1,46.3,-1,-1,-1,-1,-1,-1,-1,-1,39.1,-1,-1,-1,-1,-1,-1,-1,-1,-1,-1,-1,-1,-1,-1,-1,-1,-1,-1,-1,-1,-1,-1,-1,-1,-1
-1,-1,-1,-1,-1,-1,-1,-1,-1,-1,-1,-1,-1,-1,-1,-1,-1,-1,-1,-1,-1,-1,-1,-1,-1,-1,-1,-1,-1,39.4,39.4,39.4,43.5,54.1,54.1,54.1,54.1,54.1,46.4,46.9,46.9,46.9,47.2,47.2,46.3,46.3,46.3,46.3,46.3,46.9,46.9,-1,44.1,44.1,42.4,42.4,39.1,39.1,39.1,39.3,39.3,39.3,-1,-1,-1,-1,-1,-1,-1,-1,-1,-1,-1,-1,-1,-1,-1,-1,-1,-1,-1,-1,-1
-1,-1,-1,-1,-1,-1,-1,-1,-1,-1,-1,-1,-1,-1,-1,-1,-1,-1,-1,-1,-1,-1,-1,-1,-1,-1,-1,-1,39.4,39.4,39.4,40.2,40.2,54.1,54.1,54.1,54.1,54.1,46.9,46.9,46.9,47.2,47.2,47.2,47.2,46.3,46.3,46.3,46.9,46.9,46.9,46.9,44.1,44.1,44.1,42.4,42.4,42.4,39.1,39.3,39.3,39.3,-1,-1,-1,-1,-1,-1,-1,-1,-1,-1,-1,-1,-1,-1,-1,-1,-1,-1,-1,-1,-1
-1,-1,-1,-1,-1,-1,-1,-1,-1,-1,-1,-1,-1,-1,-1,-1,-1,-1,-1,-1,-1,-1,-1,-1,-1,-1,-1,-1,41.3,39.4,49.4,40.2,40.2,54.1,54.1,54.1,54.1,54.1,46.9,74.4,47.2,47.2,47.2,47.2,47.2,46.3,46.3,46.9,46.9,46.9,46.9,46.9,44.1,44.1,66.2,42.4,62.1,42.4,39.1,39.3,39.3,39.3,-1,39.6,-1,-1,-1,-1,-1,-1,-1,-1,-1,-1,-1,-1,-1,-1,-1,-1,-1,-1,-1
-1,-1,-1,-1,-1,-1,-1,-1,-1,-1,-1,-1,-1,-1,-1,-1,-1,-1,-1,-1,-1,-1,-1,-1,-1,-1,41.3,41.3,41.3,49.4,49.4,49.4,65.2,73.7,73.7,73.7,74.1,74.1,74.4,74.4,74.4,74.4,73.7,73.7,74.3,74.3,74.9,74.9,74.9,74.9,74.4,74.4,74.4,71.4,71.4,66.2,66.2,66.2,62.1,62.1,48.7,48.7,48.7,39.6,-1,-1,-1,-1,-1,-1,-1,-1,-1,-1,-1,-1,-1,-1,-1,-1,-1,-1,-1
-1,-1,-1,-1,-1,-1,-1,-1,-1,-1,-1,-1,-1,-1,-1,-1,-1,-1,-1,-1,-1,-1,-1,-1,-1,41.3,41.3,41.3,49.4,49.4,49.4,65.2,71.5,65.2,73.7,73.7,74.1,74.1,74.4,74.4,74.4,74.4,74.4,74.3,74.3,74.3,74.9,74.9,74.9,74.9,74.4,74.4,74.4,75.1,71.4,66.2,66.2,62.1,62.1,62.1,68.0,48.7,39.6,39.6,39.6,-1,-1,-1,-1,-1,-1,-1,-1,-1,-1,-1,-1,-1,-1,-1,-1,-1,-1
-1,-1,-1,-1,-1,-1,-1,-1,-1,-1,-1,-1,-1,-1,-1,-1,-1,39.0,41.7,41.7,44.8,44.8,44.8,44.8,45.3,45.3,41.3,54.7,69.7,69.7,69.7,71.5,71.5,74.8,74.8,74.8,77.2,77.2,77.2,77.8,77.8,77.8,78.3,78.3,78.3,78.3,74.9,74.9,78.1,78.1,77.8,74.4,75.1,75.1,75.1,73.4,69.4,69.4,69.4,68.0,68.0,49.5,49.5,49.5,39.6,38.7,38.7,38.8,38.8,39.5,39.5,-1,-1,-1,-1,-1,-1,-1,-1,-1,-1,-1,-1
-1,-1,-1,-1,-1,-1,-1,-1,-1,-1,-1,-1,-1,-1,-1,39.0,39.0,39.0,41.7,41.7,41.7,44.8,44.8,44.8,45.3,54.7,54.7,54.7,69.7,69.7,69.7,71.5,71.5,74.8,74.8,74.8,77.2,77.2,77.8,77.8,78.3,78.3,78.3,78.3,78.3,78.3,78.3,78.1,78.1,78.1,77.8,77.8,77.8,75.1,75.1,73.4,73.4,69.4,69.4,69.4,68.0,68.0,49.5,49.5,38.7,38.8,38.8,38.8,38.8,39.5,39.5,39.5,39.5,-1,-1,-1,-1,-1,-1,-1,-1,-1,-1
-1,-1,-1,-1,-1,-1,-1,-1,-1,-1,-1,-1,-1,-1,-1,-1,47.3,39.0,41.7,41.7,63.9,44.8,44.8,70.7,45.3,74.5,54.7,54.7,69.7,69.7,76.1,76.1,71.5,76.6,76.6,77.2,77.2,77.8,77.2,77.8,78.3,78.3,78.3,78.3,78.3,78.3,78.3,78.1,78.1,78.1,77.8,77.8,77.8,75.1,75.1,76.9,73.4,75.8,69.4,69.4,68.0,68.0,68.0,65.3,65.3,59.6,59.6,38.8,39.5,47.7,39.5,39.5,39.5,39.2,-1,-1,-1,-1,-1,-1,-1,-1,-1
-1,-1,-1,-1,-1,-1,-1,-1,-1,-1,-1,-1,-1,-1,39.0,39.0,47.3,47.3,63.9,63.9,70.7,70.7,70.7,70.7,74.5,74.5,77.8,77.8,77.8,77.8,76.1,76.4,76.4,76.6,76.6,77.2,77.8,77.8,78.2,78.2,78.2,78.3,78.3,78.3,78.3,78.3,78.3,78.1,78.1,78.1,77.8,77.8,77.5,77.5,76.9,76.9,76.9,75.8,75.8,71.0,71.0,71.0,65.3,65.3,65.3,59.6,59.6,59.5,59.5,59.5,47.7,47.7,39.2,39.2,-1,-1,-1,-1,-1,-1,-1,-1,-1
-1,-1,-1,-1,-1,-1,-1,-1,-1,-1,-1,-1,-1,39.0,39.0,47.3,47.3,63.9,63.9,63.9,63.9,70.7,70.7,74.5,74.5,74.5,77.8,77.8,77.8,77.8,76.1,76.4,76.4,76.6,76.6,77.8,77.8,77.8,78.2,78.2,78.2,78.3,78.3,78.3,78.0,77.6,78.1,78.1,77.6,77.6,77.8,77.5,77.5,77.5,77.5,76.9,76.9,78.3,75.8,75.8,71.0,71.0,65.3,65.3,65.3,59.6,59.6,59.5,59.5,59.5,47.7,47.7,47.7,39.2,-1,-1,-1,-1,-1,-1,-1,-1,-1
-1,-1,-1,-1,-1,-1,-1,-1,-1,-1,-1,-1,39.9,39.9,49.0,49.0,66.0,66.0,66.0,69.9,69.9,70.7,74.6,74.6,77.7,77.7,77.8,77.8,78.4,77.8,78.1,78.6,78.6,78.6,78.5,78.5,78.5,78.0,78.2,78.2,78.2,78.2,78.0,78.0,78.0,77.6,77.6,78.0,78.0,77.8,77.8,77.6,77.6,77.6,78.5,78.5,78.3,78.3,78.3,75.8,71.0,71.0,68.5,68.5,68.5,66.9,66.9,67.3,65.8,65.8,65.8,65.8,49.3,49.3,40.1,-1,-1,-1,-1,-1,-1,-1,-1
-1,-1,-1,-1,-1,-1,-1,-1,-1,-1,39.9,39.9,39.9,49.0,49.0,49.0,66.0,66.0,69.9,69.9,74.6,74.6,74.6,77.7,77.7,77.7,78.4,78.4,78.4,78.4,78.1,78.6,78.6,78.6,78.6,78.5,78.5,78.5,78.2,78.2,78.2,78.2,78.0,78.0,77.4,78.0,78.0,78.0,78.0,78.0,77.8,77.8,77.6,78.5,78.5,78.5,78.5,78.3,78.3,78.3,73.5,73.5,68.5,68.5,68.5,66.9,67.3,67.3,67.3,67.3,65.8,65.8,49.3,49.3,49.3,40.1,40.1,-1,-1,-1,-1,-1,-1
-1,-1,-1,-1,-1,-1,-1,-1,-1,39.3,39.9,39.9,39.9,50.2,49.0,49.0,66.0,72.2,69.9,69.9,73.8,74.6,75.9,75.9,78.5,78.5,78.4,78.4,78.4,78.4,78.1,78.6,78.6,78.6,78.6,78.5,78.5,78.0,78.0,78.0,77.5,77.5,74.2,74.5,74.5,78.0,78.0,78.0,78.0,78.0,77.8,77.8,77.8,78.5,78.5,78.5,78.5,78.5,78.3,78.3,73.5,73.5,73.9,71.8,71.8,71.8,71.8,67.3,67.3,67.3,65.8,72.9,65.8,49.3,49.8,40.1,40.1,39.8,39.8,-1,-1,-1,-1
-1,-1,-1,-1,-1,-1,-1,-1,-1,39.3,39.3,50.2,50.2,69.9,69.9,69.9,72.2,72.2,72.2,73.8,75.9,75.9,75.9,75.9,78.5,78.5,78.5,78.4,78.4,78.4,78.6,78.6,78.6,78.6,78.6,78.5,78.5,78.2,78.0,77.5,77.5,77.5,74.2,74.2,74.5,74.5,78.0,78.0,78.0,77.8,77.8,77.8,77.6,78.2,78.5,78.5,78.5,78.3,78.3,78.3,75.6,75.6,73.9,73.9,73.9,71.8,72.8,72.8,72.9,72.9,72.9,72.9,70.4,70.4,49.8,49.8,49.8,39.8,39.8,-1,-1,-1,-1
-1,-1,-1,-1,-1,-1,-1,-1,39.3,39.3,39.3,50.2,50.2,69.9,69.9,72.0,72.2,72.2,73.8,73.8,73.8,75.9,75.9,78.5,78.5,78.5,78.5,78.5,77.5,77.5,77.5,78.0,78.0,78.6,78.6,78.2,78.5,77.4,78.0,77.4,77.5,58.1,74.2,46.9,74.5,46.3,58.5,58.5,77.7,77.7,77.8,77.7,77.5,78.2,78.2,78.5,78.3,78.3,78.3,78.3,75.6,75.6,73.9,73.9,73.9,71.8,72.8,72.8,72.9,72.9,72.9,72.9,72.9,70.4,70.4,49.8,49.8,49.8,39.8,39.8,-1,-1,-1
-1,-1,-1,-1,-1,-1,-1,-1,39.3,39.3,47.7,50.2,65.5,69.9,72.0,72.0,72.2,77.7,77.7,78.0,78.0,78.6,78.6,78.6,78.5,78.5,78.5,78.1,78.1,77.5,77.5,78.0,78.0,78.2,78.2,78.2,78.2,77.4,77.4,77.4,58.1,58.1,46.9,46.9,46.9,46.3,58.5,58.5,77.7,77.7,77.7,77.7,77.7,78.2,78.6,78.6,78.3,78.3,78.3,78.3,78.2,75.6,78.2,78.6,78.6,78.6,78.6,78.6,77.7,77.5,77.5,74.8,74.8,74.8,74.8,68.0,49.8,49.8,39.8,39.8,38.9,38.9,38.9
-1,-1,-1,-1,-1,39.2,39.2,39.2,39.3,47.7,65.5,65.5,65.5,72.0,72.0,72.0,77.7,77.7,78.0,78.0,78.0,78.6,78.6,78.6,78.6,78.5,78.1,78.1,78.1,78.1,77.5,78.0,78.0,78.0,74.6,74.6,78.2,77.4,77.4,57.7,58.1,58.1,47.2,46.9,46.3,46.3,46.4,74.2,77.7,77.7,77.5,77.5,77.5,78.2,78.6,78.6,78.6,78.3,78.3,78.3,78.2,78.2,78.2,78.6,78.6,78.6,78.6,78.6,77.7,77.7,77.5,77.5,77.5,74.8,74.8,68.0,68.0,48.1,48.1,48.1,38.9,38.9,38.9
-1,-1,-1,-1,-1,39.2,39.2,39.2,47.7,47.7,65.5,70.4,72.0,72.0,72.0,77.7,77.7,78.0,78.0,78.0,78.0,78.6,78.6,78.6,78.6,77.8,78.1,78.1,78.1,77.5,74.3,74.3,73.9,74.6,74.6,74.6,74.6,74.6,57.7,57.7,47.2,47.2,47.2,-1,-1,-1,47.1,47.1,74.2,74.2,77.5,77.5,77.5,78.6,78.6,78.6,78.6,78.3,78.3,78.3,78.2,78.2,78.2,78.6,78.6,78.6,78.6,77.7,77.7,78.0,78.0,77.5,74.8,74.8,68.0,68.0,68.0,68.0,48.1,48.1,38.9,38.9,38.9
-1,-1,-1,-1,-1,-1,41.9,41.9,64.9,64.9,64.9,70.4,70.4,72.0,74.3,74.3,77.7,78.0,78.0,78.0,78.6,78.6,78.6,78.6,78.6,78.1,78.1,78.1,78.1,74.3,74.3,74.3,74.3,73.9,74.6,74.6,74.6,57.7,57.7,57.7,47.2,47.2,-1,-1,-1,-1,47.1,47.1,74.2,74.2,74.2,78.3,78.3,78.6,78.6,78.6,78.6,78.3,78.3,78.3,78.3,78.3,78.6,78.6,78.6,78.6,78.6,78.5,78.5,78.5,78.0,78.0,74.8,74.8,68.0,68.0,68.0,59.5,59.5,59.5,38.9,38.9,38.9
-1,-1,-1,-1,-1,-1,41.9,41.9,64.9,64.9,70.4,70.4,70.4,74.3,74.3,74.3,78.0,78.0,78.1,78.0,78.5,78.5,78.5,78.5,78.6,77.8,77.7,57.9,78.1,74.3,74.3,47.2,47.2,73.9,47.2,74.6,46.7,46.7,57.7,46.0,47.2,47.2,-1,-1,-1,-1,47.1,47.1,74.1,74.1,74.1,78.3,78.3,78.3,78.3,78.6,77.8,78.3,77.6,78.3,78.3,78.3,78.2,78.6,78.6,78.6,78.6,78.5,78.5,78.5,78.0,78.0,78.0,74.2,74.2,68.0,67.9,59.5,59.5,59.5,38.5,38.5,-1
-1,-1,-1,-1,-1,-1,44.6,44.6,64.9,70.6,70.6,70.6,75.2,76.3,76.3,76.3,78.1,78.1,78.1,78.0,78.0,78.5,78.5,78.5,78.5,77.7,77.7,57.9,57.9,57.9,47.0,47.2,47.2,47.2,47.2,46.7,46.7,46.0,46.0,46.0,-1,-1,-1,-1,-1,47.1,47.1,47.1,74.3,74.3,74.3,78.3,78.3,78.3,78.3,78.2,77.8,77.6,78.3,78.4,78.4,78.4,77.7,78.6,78.6,78.6,78.6,78.6,78.5,78.5,78.0,78.0,74.2,74.2,74.2,68.6,67.9,59.5,59.5,59.5,39.4,39.4,-1
-1,-1,-1,-1,-1,-1,44.6,70.6,70.6,70.6,70.6,75.2,75.2,76.3,76.3,78.1,78.1,78.1,78.1,78.1,78.0,78.5,78.5,77.7,77.7,57.9,57.9,57.9,57.9,47.0,47.0,47.2,47.2,47.2,46.7,46.7,46.7,46.0,46.0,-1,-1,-1,-1,-1,-1,47.1,47.1,47.1,74.3,74.3,78.2,78.3,78.3,78.3,78.3,78.2,78.2,77.6,78.4,78.4,78.4,78.4,78.4,77.7,78.6,78.6,78.5,78.5,78.5,78.5,78.0,78.0,74.2,74.2,73.9,68.6,68.6,59.5,59.5,59.5,39.4,39.4,-1
-1,-1,-1,-1,-1,-1,44.6,47.0,70.6,70.6,70.6,75.2,75.2,76.3,76.3,76.3,78.1,78.5,78.5,78.1,78.1,78.1,78.0,77.7,77.7,57.9,57.9,57.9,46.0,46.0,46.0,-1,47.2,-1,-1,-1,-1,-1,-1,-1,-1,-1,-1,-1,-1,-1,46.0,46.0,74.3,74.3,78.2,78.2,78.2,78.2,78.3,78.3,78.2,78.2,78.4,78.4,78.4,78.4,78.4,78.0,77.7,78.5,78.2,77.5,78.0,78.4,78.4,78.0,78.0,73.9,73.9,68.6,68.6,59.7,59.7,58.7,39.4,39.4,-1
-1,-1,-1,-1,-1,-1,47.0,47.0,70.6,74.5,74.5,78.0,78.0,78.0,78.0,78.5,78.5,78.5,78.5,78.5,78.1,78.1,78.0,77.7,77.7,57.9,57.9,57.9,46.0,46.0,-1,-1,-1,-1,-1,-1,-1,-1,-1,-1,-1,-1,-1,-1,-1,-1,46.8,46.8,74.3,74.3,74.3,78.2,78.2,78.3,78.3,78.3,78.6,78.6,78.6,78.6,78.4,78.4,78.0,78.0,78.5,78.5,78.5,78.2,78.4,78.4,78.4,78.4,78.0,73.9,73.9,68.6,67.8,59.7,59.7,59.7,39.7,39.7,39.7
-1,-1,-1,-1,-1,47.0,47.0,47.0,47.0,74.5,74.5,78.0,78.0,78.0,78.0,78.5,78.5,78.5,78.5,78.5,78.1,78.1,78.1,58.4,58.4,57.9,46.6,46.6,46.0,-1,-1,-1,-1,-1,-1,-1,-1,-1,-1,-1,-1,-1,-1,-1,-1,46.8,46.8,46.8,57.7,57.7,74.8,78.2,78.3,78.3,78.3,78.3,78.6,78.6,78.6,78.6,78.4,78.0,78.0,78.5,78.5,78.5,78.5,78.5,78.4,78.4,78.4,78.4,73.8,73.8,73.8,68.6,67.8,59.7,59.7,59.7,39.7,39.7,-1
-1,-1,-1,46.3,46.3,46.3,58.3,58.3,74.5,77.5,77.5,78.0,78.0,78.1,78.1,78.1,78.5,78.5,78.5,78.5,78.1,78.1,78.1,58.4,58.4,46.6,46.6,-1,-1,-1,-1,-1,-1,-1,-1,-1,-1,-1,-1,-1,-1,-1,-1,-1,-1,46.8,46.8,46.8,57.7,57.7,74.8,74.8,74.8,78.3,78.3,78.3,78.6,78.6,78.6,78.6,77.6,78.4,78.4,78.5,78.5,78.5,78.5,78.2,78.4,78.4,78.4,78.4,73.8,73.8,73.8,68.0,68.0,59.7,59.7,59.7,39.7,39.7,-1
-1,-1,-1,46.3,46.3,46.3,58.3,58.3,77.5,77.5,77.5,78.0,78.0,78.1,78.1,78.1,78.1,78.5,78.5,78.1,78.1,58.0,58.4,58.4,47.0,46.6,-1,-1,-1,-1,-1,-1,-1,-1,-1,-1,-1,-1,-1,-1,-1,-1,-1,-1,-1,-1,-1,57.7,57.7,57.7,57.7,74.8,74.8,74.8,78.3,78.3,78.6,77.8,77.8,77.8,77.6,78.4,78.4,78.4,78.5,78.5,78.5,78.5,78.5,78.5,78.4,77.5,73.8,73.8,73.2,73.2,68.0,59.7,59.7,58.9,39.7,39.7,-1
-1,-1,46.9,-1,46.3,58.3,58.3,58.3,77.5,77.5,78.1,77.9,77.9,78.1,78.1,78.6,78.1,77.5,77.5,77.5,58.0,58.0,58.0,47.0,47.0,-1,-1,-1,-1,-1,-1,-1,-1,-1,-1,-1,-1,-1,-1,-1,-1,-1,-1,-1,-1,-1,-1,-1,-1,46.0,46.0,74.8,46.3,57.9,57.9,77.8,77.8,77.8,77.8,77.8,77.6,78.4,78.4,78.4,78.4,78.3,78.5,78.5,78.5,77.5,78.4,78.4,77.5,73.2,73.2,68.0,68.0,59.0,58.9,58.9,39.0,39.0,39.0
-1,46.9,46.9,46.9,58.4,58.4,77.7,77.7,77.7,78.1,78.1,78.1,78.1,78.1,78.6,78.6,78.6,78.6,77.5,77.5,58.0,58.0,58.0,47.0,47.0,-1,-1,-1,-1,-1,-1,-1,-1,-1,-1,-1,-1,-1,-1,-1,-1,-1,-1,-1,-1,-1,-1,-1,-1,46.0,46.0,46.3,46.3,57.9,57.9,57.9,77.8,77.8,77.8,77.8,77.6,78.4,78.4,78.4,78.4,78.5,78.5,78.5,78.5,78.4,78.4,78.4,73.9,73.9,73.2,68.0,68.0,68.0,59.0,58.9,39.0,39.0,39.0
-1,46.9,46.9,58.4,58.4,77.7,77.7,77.7,78.1,78.1,78.1,78.1,78.1,78.6,78.6,78.6,78.6,78.6,74.5,74.5,74.5,46.2,47.0,47.0,-1,-1,-1,-1,-1,-1,-1,-1,-1,-1,-1,-1,-1,-1,-1,-1,-1,-1,-1,-1,-1,-1,-1,-1,-1,-1,-1,-1,46.3,46.2,46.2,46.2,74.4,74.4,77.8,77.6,77.9,77.9,78.4,77.9,78.3,77.6,78.1,78.1,78.4,78.4,78.4,78.4,73.9,73.9,73.9,67.7,67.7,59.0,59.0,59.0,39.0,38.6,38.6
-1,46.9,46.9,58.4,74.8,77.7,77.7,77.7,78.1,78.1,78.1,78.5,78.5,78.6,78.6,78.6,78.6,78.6,74.5,74.5,46.6,46.6,46.6,-1,-1,-1,-1,-1,-1,-1,-1,-1,-1,-1,-1,-1,-1,-1,-1,-1,-1,-1,-1,-1,-1,-1,-1,-1,-1,-1,-1,-1,-1,46.2,46.2,46.2,74.4,74.4,77.6,77.6,77.6,78.5,77.9,77.9,77.9,77.6,78.1,78.1,78.4,78.4,78.4,78.4,73.9,73.9,73.9,67.7,67.7,59.5,59.5,59.0,59.0,39.2,-1
-1,46.4,46.4,46.9,74.8,74.8,77.7,77.8,77.8,78.1,78.1,78.5,78.5,78.5,78.6,78.6,78.6,74.5,74.5,46.6,46.6,46.6,46.6,-1,-1,-1,-1,-1,-1,-1,-1,-1,-1,-1,-1,-1,-1,-1,-1,-1,-1,-1,-1,-1,-1,-1,-1,-1,-1,-1,-1,-1,-1,46.1,46.2,46.2,74.4,74.4,77.6,77.6,77.6,78.5,78.5,78.5,78.5,78.0,78.1,78.1,78.4,78.4,78.4,78.1,73.9,73.9,67.7,67.7,67.7,67.6,59.5,59.5,39.2,39.2,-1
-1,46.4,46.4,74.8,74.8,77.6,77.6,77.8,77.8,77.8,77.8,78.5,78.5,78.5,78.5,58.1,58.1,58.1,46.6,46.6,46.6,46.6,46.6,-1,-1,-1,-1,-1,-1,-1,46.4,-1,-1,46.3,-1,-1,-1,-1,46.9,47.1,47.1,-1,-1,46.9,-1,46.8,-1,-1,-1,-1,-1,-1,46.1,46.1,46.1,46.1,46.4,46.4,58.5,58.5,58.5,78.5,78.5,78.5,78.5,78.0,78.0,78.0,78.1,78.1,78.1,78.1,73.8,73.9,73.8,68.0,67.6,67.6,59.7,59.5,39.2,39.2,-1
-1,46.4,46.4,74.8,74.8,74.8,77.8,77.8,77.8,78.1,78.5,78.5,78.5,78.5,78.5,58.1,58.1,46.1,46.6,46.6,46.6,46.6,46.6,-1,-1,-1,-1,-1,-1,46.4,46.4,46.4,46.3,46.6,46.6,46.6,46.6,46.9,46.9,47.1,47.1,47.1,47.1,46.9,46.8,46.8,46.8,-1,-1,-1,-1,-1,-1,46.1,46.1,46.1,46.4,46.4,46.4,58.5,58.5,78.5,78.5,78.5,78.5,77.9,78.0,78.0,78.1,78.1,78.1,78.1,73.8,73.8,73.8,68.0,68.0,59.7,59.7,59.7,39.2,39.2,39.2
46.3,46.3,46.3,74.2,74.2,77.8,77.8,77.8,78.1,78.1,78.1,78.1,58.2,58.2,78.5,58.1,46.1,46.1,46.6,46.6,46.6,46.6,46.6,-1,-1,-1,-1,-1,46.4,46.4,46.4,46.4,46.4,46.6,46.6,46.9,46.9,46.9,47.1,47.1,47.1,47.1,47.1,46.9,46.9,46.8,46.8,46.8,-1,-1,-1,-1,-1,-1,-1,46.1,-1,-1,47.2,58.5,57.5,57.5,57.5,77.9,77.9,78.0,78.0,78.0,78.1,78.1,78.1,78.1,78.1,73.8,73.8,68.0,68.0,68.0,59.7,59.7,38.5,38.5,-1
-1,47.1,47.1,46.3,74.2,74.5,78.5,78.5,78.5,78.1,78.1,78.1,58.2,58.2,58.2,46.1,46.1,-1,-1,-1,-1,-1,-1,-1,-1,-1,46.7,-1,46.4,46.4,46.4,58.4,74.8,74.8,74.8,74.1,74.1,46.9,73.8,74.3,74.3,74.3,73.9,73.9,73.9,58.5,58.5,46.8,46.7,46.7,-1,-1,-1,-1,-1,-1,-1,-1,47.2,47.2,47.2,57.5,57.5,77.9,77.9,77.9,78.0,78.1,78.1,78.1,78.1,78.1,77.7,74.1,73.8,68.0,68.0,68.0,59.7,59.7,39.0,39.0,-1
-1,47.1,47.1,47.1,74.5,78.5,78.5,78.5,78.5,78.1,78.1,74.4,58.2,58.2,46.8,46.1,46.1,-1,-1,-1,-1,-1,-1,-1,-1,-1,46.7,46.7,58.4,58.4,58.4,74.8,74.8,74.8,74.8,74.1,74.1,73.8,74.3,74.3,74.3,74.3,74.3,73.9,73.9,58.5,58.5,46.7,46.7,46.7,-1,-1,-1,-1,-1,-1,-1,-1,-1,47.2,47.2,57.5,57.5,74.6,77.9,77.9,78.0,78.0,78.1,78.1,78.1,77.7,74.1,74.1,74.1,68.0,68.0,59.7,59.7,59.7,39.0,39.0,-1
47.1,47.1,47.1,74.5,74.5,74.5,78.5,78.6,78.5,78.5,74.9,74.9,46.8,46.8,46.8,-1,-1,-1,-1,-1,-1,-1,-1,-1,-1,46.7,46.7,46.8,58.4,73.9,58.4,74.8,77.6,74.8,74.8,77.9,74.1,77.6,77.6,74.3,74.3,74.3,74.3,73.9,74.8,58.5,58.5,58.5,46.7,46.7,-1,-1,-1,-1,-1,-1,-1,-1,-1,-1,46.8,46.8,46.8,74.6,74.6,74.6,77.4,78.0,78.3,77.7,77.7,77.7,74.1,74.1,74.1,67.7,67.7,67.7,58.9,58.9,58.9,39.0,-1
-1,46.9,47.1,47.1,74.5,74.5,78.6,78.6,78.6,74.9,74.9,74.9,46.8,46.8,46.7,-1,-1,-1,-1,-1,-1,-1,-1,-1,-1,46.7,46.8,46.8,58.4,73.9,73.9,77.6,77.6,77.6,77.9,77.9,77.9,77.6,77.9,77.9,77.9,77.9,77.5,77.5,77.5,74.8,74.8,46.7,46.7,46.7,-1,-1,-1,-1,-1,-1,-1,-1,-1,-1,-1,46.8,46.8,74.6,74.6,78.3,78.3,78.3,78.3,78.3,77.7,77.7,74.1,74.1,74.1,67.7,67.4,67.4,59.6,58.9,39.1,39.1,39.0
-1,46.9,46.9,73.7,73.7,78.6,78.6,78.6,78.6,78.6,74.9,74.9,74.9,46.7,46.7,-1,-1,-1,-1,-1,-1,-1,-1,-1,-1,46.8,46.8,46.8,73.9,73.9,77.6,77.6,77.6,77.9,77.9,77.9,77.9,77.9,77.9,77.9,77.9,77.9,77.5,77.5,77.5,74.8,74.8,74.8,46.0,46.0,-1,-1,-1,-1,-1,-1,-1,-1,-1,-1,46.7,46.7,74.4,74.4,74.4,78.3,78.3,78.3,78.3,78.3,77.5,77.7,77.5,74.1,73.6,68.2,67.4,59.6,59.6,39.1,39.1,39.1,-1
-1,46.9,46.9,74.3,74.3,74.3,78.6,78.6,78.6,78.6,74.9,74.9,46.7,46.7,46.7,-1,-1,-1,-1,-1,-1,-1,-1,-1,-1,-1,46.8,46.8,73.9,74.5,74.5,77.6,77.6,77.9,77.9,77.9,77.9,78.0,78.0,78.0,78.0,77.9,77.9,77.9,77.5,74.8,74.8,46.2,46.2,46.0,-1,-1,-1,-1,-1,-1,-1,-1,-1,-1,-1,46.9,46.9,74.4,74.4,74.4,78.3,78.3,78.3,78.3,77.5,77.5,77.5,74.3,74.3,68.2,68.2,59.6,59.6,59.3,39.2,39.2,39.1
-1,46.9,46.9,74.3,74.3,74.3,78.1,78.6,78.6,78.1,78.1,73.8,46.7,46.7,46.6,-1,-1,-1,-1,-1,-1,-1,-1,-1,-1,-1,46.2,46.8,74.5,74.5,74.5,77.5,77.6,77.6,77.5,77.9,78.0,78.0,78.0,78.0,78.0,78.0,77.9,77.9,77.5,74.8,74.8,46.2,46.2,46.2,-1,-1,-1,-1,-1,-1,-1,-1,-1,-1,46.9,46.9,46.9,74.3,74.4,74.4,78.3,77.9,77.9,77.4,77.5,77.4,74.3,74.3,74.3,68.2,68.2,59.6,59.6,59.3,39.2,39.2,-1
46.5,46.5,46.5,74.3,74.3,78.1,78.1,78.1,78.1,78.5,78.5,73.8,73.8,57.5,46.6,46.6,46.4,-1,-1,-1,-1,-1,-1,-1,-1,-1,46.2,46.9,74.5,74.5,74.5,77.5,77.5,77.5,77.5,77.5,78.0,78.0,78.0,78.0,78.0,78.0,78.0,77.9,77.9,74.8,74.8,46.2,46.2,46.2,-1,-1,-1,-1,-1,-1,-1,-1,-1,-1,46.9,46.9,46.9,74.3,74.3,74.3,77.9,77.9,77.9,77.9,77.4,77.4,74.3,74.3,74.3,68.2,68.2,68.2,59.3,59.3,39.2,39.2,-1
-1,46.8,46.8,74.3,74.3,74.3,78.1,78.1,78.5,78.5,78.5,78.5,57.5,57.5,57.5,46.4,46.4,-1,-1,-1,-1,-1,-1,-1,-1,-1,46.9,46.9,73.8,74.5,77.5,77.5,77.5,77.5,77.5,77.5,78.0,78.0,78.0,78.0,78.0,78.0,77.9,77.9,74.9,74.8,74.8,46.2,46.2,46.0,-1,-1,-1,-1,-1,-1,-1,-1,46.4,46.4,46.4,58.3,58.3,77.4,77.4,77.4,78.5,78.5,78.5,77.9,77.8,77.4,74.3,74.3,73.6,68.9,68.9,59.5,59.5,59.3,39.2,39.2,-1
46.8,46.8,46.8,58.6,58.6,58.6,78.0,78.0,78.5,78.5,78.5,78.5,78.5,57.5,57.5,46.4,46.4,-1,-1,-1,-1,-1,-1,-1,-1,-1,46.9,46.9,73.8,73.8,74.9,74.9,77.5,77.5,77.5,74.7,74.7,74.7,78.0,74.7,78.0,77.9,74.9,74.9,74.9,74.3,74.3,46.0,46.0,46.0,46.0,-1,-1,-1,-1,-1,-1,-1,46.4,46.4,46.4,58.3,78.5,77.4,77.4,78.5,78.5,78.5,78.5,78.5,77.8,77.8,73.6,73.6,73.6,68.9,68.9,59.5,59.5,59.5,38.9,38.9,-1
-1,46.8,46.8,58.6,58.6,58.6,78.0,78.0,78.5,78.5,78.5,78.5,78.5,78.5,78.5,58.5,58.5,46.2,47.1,47.1,47.1,47.1,47.0,47.0,46.6,46.9,46.9,58.4,58.4,73.8,74.9,74.9,74.9,74.9,74.7,74.7,74.7,74.3,74.3,74.7,74.7,74.9,74.9,74.9,74.9,74.3,74.3,58.7,58.7,46.0,46.9,47.1,47.1,47.1,47.1,47.0,47.0,-1,46.3,46.4,58.3,78.5,78.5,78.5,77.7,78.5,78.5,78.5,78.5,78.5,77.8,77.8,77.8,73.9,73.6,68.9,68.9,59.5,59.5,59.5,38.9,38.9,38.9
-1,46.8,46.8,58.6,58.6,58.6,78.0,78.0,78.2,78.2,78.5,78.5,78.5,78.5,78.5,58.5,58.5,46.2,47.1,47.1,47.1,47.1,47.0,47.0,46.6,58.4,58.4,58.4,58.4,73.8,73.8,46.7,74.9,74.9,46.2,74.7,74.7,74.3,74.3,74.7,74.7,74.9,74.9,74.9,74.3,74.3,74.3,58.7,58.7,58.7,58.7,47.1,47.1,47.1,47.1,47.0,47.0,46.3,58.0,58.0,78.5,78.5,78.5,78.5,78.5,77.7,78.5,78.5,78.5,77.8,77.8,77.8,77.7,73.9,73.9,68.9,68.1,59.5,59.5,59.2,38.9,38.6,38.6
-1,-1,46.8,-1,58.6,57.7,57.7,57.7,78.2,78.2,78.2,78.5,78.5,78.5,78.5,58.5,58.5,46.2,73.8,74.3,47.1,47.1,47.0,74.3,74.3,74.0,58.4,58.4,58.4,58.4,46.7,46.7,46.7,46.2,46.2,46.2,46.7,46.7,47.1,47.1,47.1,47.1,47.0,47.0,47.0,46.6,58.7,58.7,58.7,74.1,74.1,47.1,74.7,47.1,47.1,74.7,47.0,46.3,74.8,58.0,77.6,78.5,78.5,78.5,78.5,77.7,77.7,77.7,77.7,78.2,78.2,77.7,77.7,73.9,73.9,68.9,68.1,68.1,59.7,59.7,38.6,38.6,-1
-1,-1,-1,46.5,46.5,46.5,57.7,57.7,57.7,78.2,78.2,78.5,78.5,78.5,78.5,77.9,77.9,77.9,73.8,74.3,74.3,74.3,74.3,74.3,74.3,74.0,74.0,74.0,58.4,58.4,46.7,46.7,46.2,46.2,46.2,46.2,46.2,46.7,46.7,47.1,47.1,47.0,47.0,47.0,47.0,46.6,46.6,58.7,74.1,74.1,74.1,74.1,74.7,74.7,74.7,74.7,74.8,74.8,74.8,77.6,77.6,78.5,78.5,78.5,78.2,77.7,77.9,77.9,77.9,78.2,78.2,78.2,78.2,74.6,68.1,68.1,68.1,68.1,59.7,59.7,38.6,38.6,38.6
-1,-1,-1,-1,-1,-1,46.6,46.6,74.1,74.1,77.8,77.8,77.8,77.9,77.9,77.9,77.9,73.8,74.3,74.3,74.3,74.3,74.3,74.3,74.3,74.0,74.0,74.0,46.8,46.8,-1,-1,46.2,46.2,-1,-1,-1,46.7,-1,-1,-1,-1,-1,-1,-1,46.5,46.5,46.5,74.1,74.1,74.1,74.7,74.7,74.7,74.7,74.7,74.8,74.8,77.6,77.6,77.6,78.2,78.5,78.2,78.5,78.2,77.9,77.9,77.9,78.2,78.2,78.2,78.2,74.6,68.1,67.7,67.7,67.7,59.7,59.7,38.6,38.6,38.6
-1,-1,-1,-1,-1,46.6,46.6,46.6,74.1,74.1,77.8,77.8,77.9,77.9,77.9,77.9,77.9,74.3,78.4,78.4,77.5,78.5,78.5,78.5,74.3,74.0,74.0,46.8,46.8,46.8,-1,-1,-1,-1,-1,-1,-1,-1,-1,-1,-1,-1,-1,-1,-1,-1,46.5,74.1,74.1,74.1,74.1,74.7,78.1,78.1,77.5,77.5,77.5,78.3,78.3,77.8,77.8,78.2,78.4,78.5,78.5,78.5,77.9,77.9,78.2,78.2,78.2,78.2,74.6,74.6,67.7,67.7,67.7,59.7,59.7,59.7,39.3,39.3,-1
-1,-1,-1,-1,-1,-1,45.4,45.4,71.0,74.1,74.7,74.7,77.8,77.8,77.9,77.9,78.4,78.4,78.4,78.4,77.5,78.5,78.5,78.5,74.0,74.0,74.0,73.9,46.9,46.9,-1,-1,-1,-1,-1,-1,-1,-1,-1,-1,-1,-1,-1,-1,-1,-1,46.4,46.5,74.0,74.0,74.1,78.1,78.1,78.1,78.1,78.3,78.3,78.3,78.3,77.8,77.8,78.4,78.4,78.5,78.5,78.5,78.5,78.5,78.2,78.2,78.2,78.2,74.6,74.6,74.0,68.0,68.0,59.7,59.7,59.1,39.3,39.3,39.3
-1,-1,-1,-1,-1,45.4,45.4,45.4,71.0,71.0,71.0,74.7,74.7,77.0,77.0,77.0,78.4,78.4,78.4,78.4,77.5,78.5,78.5,78.5,73.9,73.9,73.9,73.9,46.9,46.9,-1,-1,-1,-1,47.0,47.0,-1,-1,-1,46.3,-1,-1,-1,-1,-1,-1,46.4,74.0,74.0,74.0,74.0,78.1,78.1,78.1,78.1,77.5,78.3,78.4,78.3,78.3,78.6,78.6,78.5,78.5,78.5,78.6,78.5,77.6,78.2,78.2,78.2,78.2,78.2,74.0,74.0,74.0,68.0,59.1,59.1,59.1,39.3,39.3,39.3
-1,-1,-1,-1,-1,45.4,45.4,45.4,64.1,71.0,71.0,74.7,74.7,74.7,77.0,77.0,78.4,78.4,78.4,78.4,77.9,78.5,78.5,78.6,78.6,78.6,78.6,73.9,57.8,57.8,46.1,46.5,46.5,46.5,47.0,47.0,47.0,46.9,46.9,46.3,46.3,46.3,-1,-1,-1,-1,46.4,46.4,74.0,74.5,74.5,78.1,78.1,78.1,78.1,78.4,78.4,78.4,78.6,78.6,78.6,78.6,78.4,78.6,78.6,78.6,78.6,77.7,78.0,78.2,78.2,78.2,74.5,74.5,74.0,68.6,68.0,59.4,59.4,59.4,39.3,39.3,39.2
-1,-1,-1,-1,-1,-1,41.4,45.4,64.1,64.1,64.1,71.2,74.1,74.1,77.0,78.4,78.4,78.4,78.4,78.4,78.1,77.9,77.9,78.6,78.6,78.6,78.6,57.8,57.8,57.8,46.1,46.5,46.5,47.0,47.0,47.0,47.0,47.0,74.7,46.9,46.3,46.3,-1,-1,-1,-1,46.2,46.2,74.5,74.5,77.9,77.9,77.9,77.9,77.9,78.4,78.4,78.4,78.6,78.6,78.6,78.6,78.6,78.6,78.6,78.6,78.6,78.6,78.0,78.2,78.2,78.0,74.5,74.5,74.5,68.6,68.6,59.4,59.4,59.4,39.2,39.3,39.2
-1,-1,-1,-1,-1,-1,41.4,41.4,64.1,64.1,64.1,71.2,71.2,74.1,74.1,74.1,78.4,78.4,78.4,78.4,78.1,78.1,77.7,78.6,78.6,78.6,78.6,77.8,77.8,74.7,74.7,74.9,74.9,74.9,47.0,74.7,74.7,74.7,74.7,47.2,47.2,46.3,-1,-1,-1,-1,46.2,74.5,74.5,74.5,77.9,77.9,77.9,77.9,77.7,77.7,78.4,78.4,78.5,78.6,78.6,78.6,78.6,78.6,78.6,78.6,78.6,77.7,78.0,78.0,78.0,78.0,74.5,74.5,74.5,68.6,68.6,59.4,59.4,59.4,39.2,39.2,38.7
-1,-1,-1,-1,-1,-1,41.4,41.4,64.1,64.1,64.1,71.2,71.2,74.1,74.1,77.9,77.9,78.4,78.4,78.1,78.1,78.1,78.1,77.7,78.6,78.6,78.6,77.8,77.8,74.7,74.7,74.9,74.9,74.9,74.9,74.7,74.7,74.7,74.7,74.7,47.2,47.2,47.2,-1,-1,46.2,46.2,46.2,73.8,74.5,74.5,77.9,77.9,77.7,77.7,77.7,78.4,78.4,78.5,78.6,78.6,78.5,78.5,77.9,78.6,78.3,78.3,78.3,78.0,78.0,78.0,78.0,74.5,74.5,73.7,68.6,67.8,59.4,59.4,59.4,39.2,39.2,-1
-1,-1,-1,-1,-1,39.6,39.6,39.6,48.3,48.3,48.3,63.5,63.5,71.5,71.5,77.9,77.9,78.1,78.1,78.1,78.1,78.1,77.6,77.6,77.6,78.5,77.8,77.8,77.8,77.8,77.6,74.9,74.9,74.9,74.9,78.1,78.1,74.7,74.7,74.7,57.9,47.2,-1,46.2,-1,46.2,46.2,46.2,58.4,73.8,78.2,77.6,77.6,77.7,78.6,78.6,77.7,78.5,78.5,78.5,78.5,78.5,77.9,78.3,78.3,78.3,78.3,77.7,77.8,77.8,77.8,77.8,73.7,74.5,73.7,67.8,67.8,67.8,48.1,48.1,38.7,38.7,-1
-1,-1,-1,-1,-1,-1,39.6,39.6,39.6,48.3,48.3,63.5,63.5,71.5,71.5,77.9,77.9,77.9,77.9,78.1,78.1,78.1,77.6,77.6,78.5,78.5,78.5,78.2,78.2,78.2,77.6,77.8,77.8,78.1,78.1,78.1,78.1,77.8,77.8,77.8,57.9,57.9,57.9,46.9,46.9,46.9,58.4,58.4,58.4,78.2,78.2,78.2,77.7,78.6,78.6,78.6,78.6,78.5,78.5,78.5,78.5,78.5,77.9,77.9,78.3,78.3,78.3,77.7,77.8,77.8,77.8,77.8,73.7,73.7,73.7,67.8,67.8,67.8,48.1,38.7,38.7,38.7,-1
-1,-1,-1,-1,-1,-1,-1,39.6,39.5,48.3,39.5,63.5,40.2,52.6,52.6,71.3,71.3,71.3,77.9,74.3,78.1,76.7,78.5,78.5,78.5,78.5,78.5,78.5,78.2,77.6,77.6,77.8,77.8,78.1,78.1,78.1,78.1,77.8,77.8,77.8,57.9,57.9,57.9,74.3,46.9,58.4,58.4,58.4,78.2,78.5,78.2,78.2,78.6,78.6,78.6,78.6,78.6,78.6,78.5,78.5,78.5,75.5,75.5,73.5,73.5,72.2,72.2,71.9,71.9,71.9,71.5,71.5,73.7,70.1,70.1,49.9,49.9,49.9,48.1,39.4,-1,-1,-1
-1,-1,-1,-1,-1,-1,-1,-1,39.5,39.5,40.2,40.2,40.2,52.6,52.6,52.6,71.3,71.3,74.3,74.3,76.7,76.7,76.7,78.5,78.5,78.5,78.5,78.2,78.2,78.0,77.6,78.2,78.2,78.2,78.1,78.1,78.1,78.2,78.2,77.8,77.7,77.7,74.3,74.3,74.3,74.3,77.8,77.8,77.8,78.5,78.5,78.5,78.5,78.6,78.6,78.6,78.6,78.5,78.5,78.5,75.5,75.5,73.5,73.5,73.5,72.2,72.2,71.9,71.9,71.9,71.5,71.5,70.1,70.1,70.1,49.9,49.9,39.4,39.4,39.4,-1,-1,-1
-1,-1,-1,-1,-1,-1,-1,-1,-1,39.5,39.5,-1,40.2,40.9,52.6,52.6,64.6,71.3,71.3,74.3,74.3,76.7,76.7,78.4,78.5,78.5,78.4,78.2,78.2,78.0,78.0,78.2,78.2,78.2,78.2,78.2,78.2,78.2,78.2,78.2,77.7,77.7,74.3,74.3,74.3,74.3,77.8,77.8,78.5,78.5,78.5,78.5,78.5,78.5,78.6,78.6,78.5,78.5,78.5,78.5,75.5,75.5,73.6,73.5,73.5,72.2,72.2,71.9,67.0,71.5,71.5,71.5,70.1,70.1,49.9,49.9,49.9,39.4,39.4,-1,-1,-1,-1
-1,-1,-1,-1,-1,-1,-1,-1,-1,-1,-1,-1,-1,40.9,40.9,40.9,64.6,64.6,70.7,70.7,74.1,74.1,74.1,78.4,78.5,78.4,78.4,78.4,78.0,78.0,78.1,78.2,78.2,78.2,77.8,78.2,78.2,78.2,78.2,78.2,78.5,78.5,74.3,74.3,74.3,74.3,78.5,78.5,78.5,78.5,78.5,78.5,78.5,78.5,78.5,77.6,77.8,77.8,77.8,77.8,73.6,73.6,68.1,68.1,68.1,65.8,65.9,65.9,67.0,67.0,67.0,71.5,49.4,49.4,49.4,40.3,49.9,40.3,-1,-1,-1,-1,-1
-1,-1,-1,-1,-1,-1,-1,-1,-1,-1,-1,-1,-1,-1,40.9,40.9,64.6,64.6,70.7,70.7,70.7,74.1,74.1,76.5,78.4,78.4,78.4,77.9,78.1,78.1,78.2,78.3,78.3,78.3,77.8,77.8,78.2,78.2,78.2,78.5,78.5,78.5,78.5,78.5,78.5,78.0,78.5,78.5,78.5,78.5,78.5,78.5,78.5,78.5,78.5,77.6,77.8,77.8,77.8,75.2,73.6,73.6,68.1,68.1,68.1,65.8,65.9,65.9,65.9,67.0,67.0,67.0,49.4,49.4,49.4,40.3,40.3,-1,-1,-1,-1,-1,-1
-1,-1,-1,-1,-1,-1,-1,-1,-1,-1,-1,-1,-1,39.0,40.9,47.7,47.7,47.7,67.1,67.1,70.7,74.1,72.5,76.5,76.5,78.4,77.8,77.9,78.1,78.1,78.3,78.3,78.3,78.3,78.3,77.8,78.2,78.2,78.5,78.5,78.5,78.5,78.5,78.5,78.5,78.0,78.5,78.5,78.5,78.5,78.5,78.5,78.0,78.0,78.0,77.6,76.3,76.3,75.2,75.2,73.6,71.6,65.4,65.4,65.4,65.8,62.5,62.5,62.5,62.5,47.7,67.0,47.7,49.4,40.3,-1,-1,-1,-1,-1,-1,-1,-1
-1,-1,-1,-1,-1,-1,-1,-1,-1,-1,-1,-1,-1,39.0,39.0,39.0,47.7,67.1,67.1,67.1,67.1,72.5,72.5,76.5,76.5,76.5,77.8,77.8,78.1,78.1,78.3,78.3,78.3,78.3,78.3,77.9,78.1,78.1,78.5,78.5,78.5,78.5,78.5,78.5,78.5,78.0,78.5,78.5,78.5,78.5,78.4,78.4,78.4,78.0,78.0,76.3,76.3,75.2,75.2,75.2,71.6,71.6,65.4,65.4,65.4,62.5,62.5,62.5,62.5,62.5,47.7,47.7,39.1,39.1,39.1,-1,-1,-1,-1,-1,-1,-1,-1
-1,-1,-1,-1,-1,-1,-1,-1,-1,-1,-1,-1,-1,-1,-1,39.0,39.4,47.7,50.3,67.1,72.5,72.5,72.5,72.5,76.5,76.5,73.7,77.8,76.6,78.1,78.1,78.3,78.3,78.3,77.9,78.1,78.1,78.1,78.1,78.5,78.5,78.4,78.5,78.5,78.4,78.5,78.5,78.5,78.5,78.4,77.5,78.0,78.0,78.0,78.0,76.3,75.2,75.2,75.2,75.2,71.6,71.6,65.4,65.4,64.5,62.5,62.5,62.5,47.6,47.6,47.7,47.7,39.1,-1,-1,-1,-1,-1,-1,-1,-1,-1,-1
-1,-1,-1,-1,-1,-1,-1,-1,-1,-1,-1,-1,-1,-1,-1,39.4,39.4,39.4,50.3,50.3,69.3,69.3,69.3,72.2,72.2,72.2,73.7,73.7,76.6,76.6,77.8,77.8,77.8,77.9,77.9,78.1,78.1,78.1,78.5,78.1,77.8,78.4,78.4,78.4,78.4,78.4,78.4,78.4,78.4,78.4,77.5,77.5,77.5,76.2,76.2,76.2,73.4,73.4,69.6,69.6,67.4,67.4,64.5,64.5,64.5,62.1,62.1,47.6,47.6,47.6,39.2,39.2,39.2,-1,-1,-1,-1,-1,-1,-1,-1,-1,-1
-1,-1,-1,-1,-1,-1,-1,-1,-1,-1,-1,-1,-1,-1,-1,-1,39.4,39.4,50.3,50.3,50.3,69.3,69.3,72.2,72.2,72.2,73.7,73.7,73.7,76.6,76.6,78.4,78.4,78.4,78.4,77.9,78.5,78.5,78.5,77.8,77.8,78.4,78.4,78.4,78.4,78.4,78.4,78.4,78.4,78.4,77.7,77.7,76.2,76.2,76.2,73.4,73.4,69.6,69.6,67.4,67.4,67.4,64.5,64.5,64.5,62.1,62.1,47.6,47.6,39.2,39.2,39.2,-1,-1,-1,-1,-1,-1,-1,-1,-1,-1,-1
-1,-1,-1,-1,-1,-1,-1,-1,-1,-1,-1,-1,-1,-1,-1,-1,-1,39.8,50.3,39.8,39.8,49.2,69.3,62.6,62.6,62.6,72.2,72.4,72.4,76.6,76.6,78.4,78.4,78.4,78.4,78.5,78.5,78.5,78.5,78.5,78.0,78.4,78.4,78.0,78.0,78.4,78.4,78.4,78.4,78.4,77.7,77.7,74.7,76.2,74.7,73.4,69.5,69.6,65.2,65.2,67.4,63.6,63.6,62.3,62.3,47.4,47.4,39.6,39.6,39.6,39.2,-1,-1,-1,-1,-1,-1,-1,-1,-1,-1,-1,-1
-1,-1,-1,-1,-1,-1,-1,-1,-1,-1,-1,-1,-1,-1,-1,-1,-1,-1,39.8,39.8,39.8,49.2,49.2,62.6,62.6,62.6,68.7,68.7,72.4,72.4,72.4,78.4,78.4,78.4,78.4,77.7,78.5,78.5,78.5,78.5,77.6,78.0,78.0,78.0,78.0,78.0,78.4,78.4,78.4,78.4,77.7,77.7,74.7,74.7,74.7,69.5,69.5,65.2,65.2,65.2,63.6,63.6,62.3,62.3,62.3,47.4,47.4,47.4,39.6,-1,-1,-1,-1,-1,-1,-1,-1,-1,-1,-1,-1,-1,-1
-1,-1,-1,-1,-1,-1,-1,-1,-1,-1,-1,-1,-1,-1,-1,-1,-1,-1,-1,39.8,39.8,49.2,49.2,49.2,62.6,62.6,43.2,68.7,45.1,72.4,72.4,78.4,78.4,78.4,77.7,77.7,78.5,78.5,77.6,77.6,77.6,77.6,78.0,78.0,77.4,77.4,78.4,78.4,78.4,78.4,77.7,77.7,74.7,70.0,70.0,69.5,69.5,65.5,65.2,63.6,63.6,62.3,62.3,62.3,47.4,47.4,47.4,47.4,-1,-1,-1,-1,-1,-1,-1,-1,-1,-1,-1,-1,-1,-1,-1
-1,-1,-1,-1,-1,-1,-1,-1,-1,-1,-1,-1,-1,-1,-1,-1,-1,-1,-1,39.8,-1,38.6,38.6,39.7,39.7,62.6,43.2,43.2,45.1,45.1,45.1,57.4,57.4,75.4,75.4,75.4,75.4,75.4,76.0,76.0,76.0,76.7,78.0,77.2,77.2,77.2,77.2,76.6,76.6,76.6,73.8,73.8,70.0,70.0,70.0,65.5,65.5,65.5,62.3,61.9,63.6,61.9,61.9,47.3,47.4,38.7,38.7,38.7,-1,-1,-1,-1,-1,-1,-1,-1,-1,-1,-1,-1,-1,-1,-1
-1,-1,-1,-1,-1,-1,-1,-1,-1,-1,-1,-1,-1,-1,-1,-1,-1,-1,-1,-1,-1,38.6,38.6,39.7,39.7,39.7,43.2,43.2,45.1,45.1,45.1,57.4,57.4,75.4,75.4,75.4,75.4,75.4,76.0,76.0,76.0,76.7,76.7,76.7,77.2,77.2,76.6,76.6,76.6,73.8,73.8,73.8,70.0,70.0,70.0,65.5,65.5,65.5,62.3,62.3,61.9,61.9,61.9,47.3,38.7,38.7,38.7,38.7,-1,-1,-1,-1,-1,-1,-1,-1,-1,-1,-1,-1,-1,-1,-1
-1,-1,-1,-1,-1,-1,-1,-1,-1,-1,-1,-1,-1,-1,-1,-1,-1,-1,-1,-1,-1,-1,-1,-1,-1,39.7,-1,-1,-1,-1,45.1,44.3,57.4,52.2,75.4,52.2,68.2,73.9,71.7,71.7,71.7,76.0,76.5,76.5,76.5,77.2,76.5,76.5,73.5,73.5,73.8,73.8,70.0,66.9,66.9,65.5,65.5,62.3,62.3,62.3,47.3,47.3,47.3,38.5,38.7,-1,-1,-1,-1,-1,-1,-1,-1,-1,-1,-1,-1,-1,-1,-1,-1,-1,-1
-1,-1,-1,-1,-1,-1,-1,-1,-1,-1,-1,-1,-1,-1,-1,-1,-1,-1,-1,-1,-1,-1,-1,-1,-1,-1,-1,-1,-1,-1,44.3,44.3,44.3,52.2,52.2,52.2,68.2,68.2,71.7,71.7,71.7,75.3,75.3,76.5,76.5,76.5,76.5,73.5,73.5,68.9,68.9,68.9,68.9,66.9,66.9,64.3,64.3,64.3,62.3,62.3,47.3,47.3,38.5,38.5,38.5,-1,-1,-1,-1,-1,-1,-1,-1,-1,-1,-1,-1,-1,-1,-1,-1,-1,-1
-1,-1,-1,-1,-1,-1,-1,-1,-1,-1,-1,-1,-1,-1,-1,-1,-1,-1,-1,-1,-1,-1,-1,-1,-1,-1,-1,-1,-1,-1,-1,44.3,44.3,52.2,52.2,52.2,68.2,68.2,71.7,71.7,71.7,75.3,75.3,75.3,72.8,76.5,72.8,73.5,73.5,68.9,68.9,68.9,66.9,66.9,64.3,64.3,64.3,64.3,62.3,62.3,47.3,47.3,39.5,-1,-1,-1,-1,-1,-1,-1,-1,-1,-1,-1,-1,-1,-1,-1,-1,-1,-1,-1,-1
-1,-1,-1,-1,-1,-1,-1,-1,-1,-1,-1,-1,-1,-1,-1,-1,-1,-1,-1,-1,-1,-1,-1,-1,-1,-1,-1,-1,-1,-1,-1,-1,44.3,38.7,38.7,38.7,47.0,47.0,64.3,64.3,70.1,70.1,70.1,72.8,72.8,72.8,72.8,67.4,67.4,67.4,68.9,62.3,59.9,59.9,59.9,59.0,59.0,59.0,47.5,47.5,39.5,39.5,39.5,-1,-1,-1,-1,-1,-1,-1,-1,-1,-1,-1,-1,-1,-1,-1,-1,-1,-1,-1,-1
-1,-1,-1,-1,-1,-1,-1,-1,-1,-1,-1,-1,-1,-1,-1,-1,-1,-1,-1,-1,-1,-1,-1,-1,-1,-1,-1,-1,-1,-1,-1,-1,-1,38.7,38.7,38.7,47.0,64.3,64.3,64.3,70.1,70.1,70.1,72.8,72.8,72.8,72.8,67.4,67.4,62.3,62.3,59.9,59.9,59.9,59.9,59.0,59.0,47.5,47.5,47.5,39.5,39.5,-1,-1,-1,-1,-1,-1,-1,-1,-1,-1,-1,-1,-1,-1,-1,-1,-1,-1,-1,-1,-1
-1,-1,-1,-1,-1,-1,-1,-1,-1,-1,-1,-1,-1,-1,-1,-1,-1,-1,-1,-1,-1,-1,-1,-1,-1,-1,-1,-1,-1,-1,-1,-1,-1,38.7,-1,-1,39.1,39.1,47.0,64.3,64.3,64.3,70.1,70.1,45.5,45.5,45.5,67.4,43.1,43.1,62.3,39.7,38.6,39.5,39.5,59.0,59.0,47.5,38.8,38.8,-1,-1,-1,-1,-1,-1,-1,-1,-1,-1,-1,-1,-1,-1,-1,-1,-1,-1,-1,-1,-1,-1,-1
-1,-1,-1,-1,-1,-1,-1,-1,-1,-1,-1,-1,-1,-1,-1,-1,-1,-1,-1,-1,-1,-1,-1,-1,-1,-1,-1,-1,-1,-1,-1,-1,-1,-1,-1,-1,39.1,39.1,42.6,42.6,42.6,44.9,44.9,45.5,45.5,45.5,45.5,43.1,43.1,43.1,39.7,39.7,39.7,39.5,39.5,39.5,39.5,38.8,38.8,38.8,-1,-1,-1,-1,-1,-1,-1,-1,-1,-1,-1,-1,-1,-1,-1,-1,-1,-1,-1,-1,-1,-1,-1
-1,-1,-1,-1,-1,-1,-1,-1,-1,-1,-1,-1,-1,-1,-1,-1,-1,-1,-1,-1,-1,-1,-1,-1,-1,-1,-1,-1,-1,-1,-1,-1,-1,-1,-1,-1,39.1,39.1,39.1,39.1,42.6,42.6,44.9,44.9,45.5,45.5,43.1,43.1,43.1,43.1,39.7,38.6,38.6,39.5,39.5,-1,38.8,38.8,38.8,38.8,-1,-1,-1,-1,-1,-1,-1,-1,-1,-1,-1,-1,-1,-1,-1,-1,-1,-1,-1,-1,-1,-1,-1
-1,-1,-1,-1,-1,-1,-1,-1,-1,-1,-1,-1,-1,-1,-1,-1,-1,-1,-1,-1,-1,-1,-1,-1,-1,-1,-1,-1,-1,-1,-1,-1,-1,-1,-1,-1,-1,-1,-1,-1,-1,-1,-1,-1,-1,-1,-1,-1,-1,-1,-1,-1,38.6,-1,-1,-1,38.8,-1,-1,-1,-1,-1,-1,-1,-1,-1,-1,-1,-1,-1,-1,-1,-1,-1,-1,-1,-1,-1,-1,-1,-1,-1,-1
# 호수 -1329 -3150 → 없음  
# 호수 -1250 -3000 → 47.075191497802734 Workspace.Surface.World.G_화산.Gs_화산_-3833_-8956 CrackedLava
# 호수 -1330 -2640 → 없음  